"jd" "time" "temp"
"1" 0 15.25 18
"2" 0 15.75 14
"3" 0 16.25 16
"4" 0 16.75 16
"5" 0 17.25 16
"6" 0 17.75 18
"7" 0 18.25 18
"8" 0 18.75 16
"9" 0 19.25 18
"10" 0 19.75 16
"11" 0 20.25 18
"12" 0 20.75 18
"13" 0 21.25 16
"14" 0 21.75 14
"15" 0 22.25 16
"16" 0 22.75 16
"17" 0 23.25 16
"18" 0 23.75 16
"19" 0 0.25 16
"20" 0 0.75 10
"21" 0 1.25 16
"22" 0 1.75 18
"23" 0 2.25 18
"24" 0 2.75 16
"25" 0 3.25 18
"26" 0 3.75 14
"27" 0 4.25 20
"28" 0 4.75 28
"29" 0 5.25 26
"30" 0 5.75 26
"31" 0 6.5 27
"32" 0 7.25 24
"33" 0 7.75 22
"34" 0 8.25 26
"35" 1 9 28
"36" 1 10 22
"37" 1 10.75 20
"38" 1 11.25 20
"39" 1 11.75 26
"40" 1 12.25 22
"41" 1 12.75 22
"42" 1 13.5 21
"43" 1 15.75 14.5714285714286
"44" 1 18.5 15
"45" 1 21 13.6666666666667
"46" 1 22.75 14
"47" 1 0 13
"48" 1 2.25 12.8
"49" 1 4.5 13
"50" 1 6 14
"51" 1 7 13
"52" 1 7.75 16
"53" 1 8.25 14
"54" 2 10 15
"55" 2 11.75 12
"56" 2 12.5 12
"57" 2 13.75 12
"58" 2 15 11
"59" 2 15.75 12
"60" 2 16.25 14
"61" 2 17.25 11.3333333333333
"62" 2 19.25 11.2
"63" 2 21.25 13.3333333333333
"64" 2 23.5 15.6666666666667
"65" 2 1.25 16
"66" 2 2.00833333333333 15.7377049180327
"67" 2 3.50833333333333 16.6386554621849
"68" 2 4.75 16
"69" 2 5.25 14
"70" 2 6 17
"71" 2 7.25 16
"72" 2 8.25 16
"73" 2 8.75 16
"74" 3 9.25 18
"75" 3 11 14.3333333333333
"76" 3 12.75 14
"77" 3 13.25 12
"78" 3 13.75 14
"79" 3 14.25 12
"80" 3 15 13
"81" 3 16 12
"82" 3 16.75 14
"83" 3 17.25 16
"84" 3 17.75 16
"85" 3 18.25 14
"86" 3 18.75 16
"87" 3 19.25 20
"88" 3 19.75 18
"89" 3 20.5 15
"90" 3 21.25 12
"91" 3 21.75 14
"92" 3 22.25 18
"93" 3 23.5 15
"94" 3 0.75 16
"95" 3 1.25 18
"96" 3 1.75 20
"97" 3 3.25 15.2
"98" 3 4.75 16
"99" 3 5.5 17
"100" 3 6.5 14
"101" 3 7.25 16
"102" 3 7.75 14
"103" 3 8.25 16
"104" 3 8.75 18
"105" 4 9.75 16.6666666666667
"106" 4 11 18
"107" 4 12 16
"108" 4 13.75 15.6
"109" 4 15.2583333333333 15.4838709677419
"110" 4 16.2583333333333 14.8314606741573
"111" 4 18 14
"112" 4 19.25 14
"113" 4 20 16
"114" 4 21 16
"115" 4 22.25 15.3333333333333
"116" 4 23.5083333333333 15.7377049180327
"117" 4 0.258333333333333 16.551724137931
"118" 4 0.75 16
"119" 4 1.25 18
"120" 4 1.75 16
"121" 4 3 13.5
"122" 4 4.25 18
"123" 4 4.75 14
"124" 4 6 14.5
"125" 4 7.25 16
"126" 4 7.75 16
"127" 4 8.25 14
"128" 5 9 14
"129" 5 10.25 10.6666666666667
"130" 5 11.25 10
"131" 5 11.75 8
"132" 5 12.25 10
"133" 5 13 9
"134" 5 13.75 12
"135" 5 14.7583333333333 12.5274725274725
"136" 5 16.2583333333333 15.5056179775281
"137" 5 17.25 16
"138" 5 18 15
"139" 5 18.75 12
"140" 5 19.5 16
"141" 5 20.25 18
"142" 5 21.25 14.6666666666667
"143" 5 22.75 14
"144" 5 23.75 14
"145" 5 0.25 18
"146" 5 0.75 16
"147" 5 1.75 15.3333333333333
"148" 5 3.25 16
"149" 5 4.25 16
"150" 5 5.25 16.6666666666667
"151" 5 6.25 16
"152" 5 7.25 16.6666666666667
"153" 5 8.25 16
"154" 5 8.75 18
"155" 6 9.25 14
"156" 6 9.75 22
"157" 6 10.25 16
"158" 6 11.25 18.6666666666667
"159" 6 12.25 14
"160" 6 12.75 16
"161" 6 13.75 13.3333333333333
"162" 6 15.25 14
"163" 6 16.25 12
"164" 6 17 10
"165" 6 17.75 14
"166" 6 18.25 16
"167" 6 19.0083333333333 18.6885245901639
"168" 6 19.7583333333333 14.4827586206897
"169" 6 20.25 8
"170" 6 21 7
"171" 6 21.75 4
"172" 6 22.25 6
"173" 6 22.75 4
"174" 6 23.25 4
"175" 6 23.75 4
"176" 6 0.25 4
"177" 6 0.75 4
"178" 6 1.25 6
"179" 6 1.75 2
"180" 6 2.25 2
"181" 6 2.75 4
"182" 6 3.25 2
"183" 6 3.75 4
"184" 6 4.25 2
"185" 6 4.75 4
"186" 6 5.25 2
"187" 6 5.75 4
"188" 6 6.25 2
"189" 6 6.75 14
"190" 6 7.25 14
"192" 7 14.2666666666667 12.9807692307692
"193" 7 17.25 13.2
"194" 7 20 17
"195" 7 21.75 14
"196" 7 22.25 10
"197" 7 22.75 8
"198" 7 23.25 2
"199" 7 23.75 4
"200" 7 0.25 2
"201" 7 0.75 2
"202" 7 1.25 4
"203" 7 1.75 2
"204" 7 2.75 3.33333333333333
"205" 7 3.75 2
"206" 7 4.25 4
"207" 7 4.75 4
"208" 7 5.25 2
"209" 7 5.75 2
"210" 7 6.25 4
"211" 7 6.75 2
"212" 7 7.25 8
"213" 7 7.75 16
"214" 7 8.50833333333333 16.7213114754098
"215" 8 9.50833333333333 17.2881355932203
"216" 8 10.5 16
"217" 8 12 17
"218" 8 13.25 18
"219" 8 14 15
"220" 8 15.25 16.6666666666667
"221" 8 16.5 15
"222" 8 17.5 15
"223" 8 18.75 14
"224" 8 20.2583333333333 14.5054945054945
"225" 8 21.2583333333333 16.551724137931
"226" 8 21.75 10
"227" 8 22.25 12
"228" 8 22.75 18
"229" 8 23.25 22
"230" 8 23.75 20
"231" 8 0.25 14
"232" 8 0.75 8
"233" 8 1.25 2
"234" 8 1.75 4
"235" 8 2.25 2
"236" 8 2.75 4
"237" 8 3.25 4
"238" 8 3.75 2
"239" 8 4.25 4
"240" 8 4.75 2
"241" 8 5.25 4
"242" 8 5.75 2
"243" 8 6.25 4
"244" 8 6.75 2
"245" 8 7.5 5
"246" 8 8.25 10
"247" 8 8.75 22
"248" 9 9.5 17
"249" 9 10.25 16
"250" 9 11.5 16
"251" 9 12.75 12
"252" 9 13.75 14
"253" 9 14.75 14
"254" 9 15.25 12
"255" 9 16 14
"256" 9 16.75 12
"257" 9 17.5 14
"258" 9 18.75 12
"259" 9 20.75 12.4
"260" 9 22.25 20
"261" 9 22.75 20
"262" 9 23.25 24
"263" 9 23.75 8
"264" 9 0.25 10
"265" 9 0.75 16
"266" 9 1.25 4
"267" 9 1.75 6
"268" 9 2.25 8
"269" 9 2.75 4
"270" 9 3.25 8
"273" 10 14.7666666666667 17.8301886792453
"274" 10 16.7666666666667 12.8571428571428
"275" 10 17.25 16
"276" 10 17.75 18
"277" 10 18.5 18
"278" 10 19.25 10
"281" 11 10.5 17
"282" 11 11.25 18
"283" 11 11.75 16
"284" 11 12.25 20
"285" 11 12.75 18
"286" 11 13.25 20
"287" 11 13.7583333333333 17.4193548387097
"288" 11 14.5083333333333 18.3050847457627
"289" 11 15.25 16
"290" 11 15.75 20
"291" 11 16.25 16
"292" 11 16.75 18
"293" 11 17.25 20
"294" 11 17.75 16
"295" 11 18.25 18
"296" 11 18.75 18
"297" 11 19.25 20
"299" 11 7.25 18
"300" 11 8 16
"301" 12 9.25 14.6666666666667
"302" 12 10.25 16
"303" 12 11.0083333333333 18.6885245901639
"304" 12 12.0083333333333 19.3220338983051
"305" 12 12.75 18
"306" 12 13.25 16
"307" 12 13.7583333333333 13.5483870967742
"308" 12 15.2583333333333 16.1073825503356
"309" 12 17 16
"310" 12 18 8
"311" 12 18.75 18
"312" 12 19.25 16
"314" 12 0.25 8
"316" 13 9.25833333333333 20.6896551724138
"317" 13 9.75 22
"318" 13 10.25 18
"319" 13 10.75 16
"320" 13 11.25 16
"321" 13 11.75 16
"322" 13 12.5 17
"323" 13 13.25 16
"324" 13 15.25 16
"325" 13 17.25 12
"326" 13 17.75 14
"327" 13 18.25 18
"328" 13 18.75 20
"329" 13 19.25 16
"330" 13 19.75 6
"331" 13 20.25 8
"332" 13 20.75 24
"333" 13 21.25 20
"334" 13 21.75 8
"335" 13 22.25 6
"336" 13 22.75 6
"337" 13 23.25 6
"338" 13 23.75 4
"339" 13 0.5 4
"340" 13 1.25 4
"341" 13 1.75 4
"342" 13 2.25 6
"343" 13 2.75 4
"344" 13 3.25 6
"345" 13 3.75 4
"346" 13 4.25 4
"347" 13 4.75 4
"348" 13 5.25 4
"349" 13 6 4
"350" 13 6.75 4
"351" 13 7.25 2
"352" 13 7.75 4
"353" 13 8.75 14
"354" 14 9.75 20
"355" 14 10.5 15
"356" 14 11.25 18
"357" 14 12.25 14.6666666666667
"358" 14 13.5 18
"359" 14 14.25 18
"360" 14 15.25 15.3333333333333
"361" 14 16.25 14
"363" 14 8.25 18
"364" 14 8.75833333333333 11.6129032258064
"365" 15 9.25833333333333 18.6206896551724
"366" 15 9.75 22
"367" 15 10.25 20
"368" 15 10.75 22
"369" 15 11.75 26.6666666666667
"370" 15 12.75 22
"371" 15 13.5 19
"372" 15 14.75 12
"373" 15 15.75 16
"374" 15 16.25 14
"375" 15 16.7583333333333 25.1612903225806
"376" 15 17.2583333333333 26.896551724138
"377" 15 17.75 22
"378" 15 18.25 8
"379" 15 19 16
"380" 15 19.75 10
"381" 15 20.25 12
"382" 15 20.75 12
"383" 15 21.25 10
"384" 15 21.75 10
"385" 15 22.25 12
"386" 15 22.75 8
"387" 15 23.25 10
"388" 15 23.75 8
"389" 15 0.25 10
"390" 15 0.75 8
"391" 15 1.25 10
"392" 15 1.75 6
"393" 15 2.25 8
"394" 15 2.75 6
"395" 15 3.25 6
"396" 15 3.75 8
"397" 15 4.25 6
"398" 15 4.75 8
"399" 15 5.25 6
"400" 15 5.75 6
"401" 15 6.25 6
"402" 15 6.75 8
"403" 15 7.25 6
"404" 15 7.75 6
"405" 15 8.25 4
"406" 15 8.75 8
"407" 16 9.25 8
"408" 16 10 22
"409" 16 10.75 26
"410" 16 11.25 22
"411" 16 11.75 18
"412" 16 12.25 20
"413" 16 12.75 20
"414" 16 13.25 18
"415" 16 13.75 18
"416" 16 14.5 15
"417" 16 15.75 16
"418" 16 16.75 12
"419" 16 17.5 5
"420" 16 18.5 14
"421" 16 19.25 12
"422" 16 19.75 12
"424" 16 5 2.33333333333333
"425" 16 6.75 10
"426" 16 7.25 26
"427" 16 8.25 28
"428" 17 9.5 28
"429" 17 10.5 26
"430" 17 12.75 23.4285714285714
"431" 17 14.75 20
"432" 17 15.25 16
"433" 17 15.75 18
"434" 17 16.25 14
"435" 17 16.75 14
"436" 17 17.25 12
"437" 17 17.75 6
"438" 17 18.25 6
"439" 17 19 7
"440" 17 19.75 14
"441" 17 20.75 8
"442" 17 21.75 4
"443" 17 22.25 6
"444" 17 22.75 2
"445" 17 23.25 8
"447" 18 9.25 38.6666666666667
"448" 18 10.5 19
"449" 18 12 20
"450" 18 13.25 22
"451" 18 14 20
"452" 18 15 20
"453" 18 15.75 18
"454" 18 16.25 18
"455" 18 16.75 20
"456" 18 17.25 18
"457" 18 17.75 16
"458" 18 18.25 14
"459" 18 18.75 8
"460" 18 19.25 6
"461" 18 19.75 8
"462" 18 20.25 10
"463" 18 20.75 8
"464" 18 21.25 4
"465" 18 21.75 4
"466" 18 22.25 4
"467" 18 22.75 2
"468" 18 23.25 6
"469" 18 23.75 6
"470" 18 0.25 4
"471" 18 0.75 4
"472" 18 1.25 4
"473" 18 1.75 6
"474" 18 2.25 10
"475" 18 2.75 12
"476" 18 3.25 12
"477" 18 3.75 14
"478" 18 4.25 12
"479" 18 5.25 18.6666666666667
"480" 18 6.75 34
"481" 18 7.75 24
"482" 18 8.25 32
"483" 18 8.75 38
"484" 19 9.25 38
"485" 19 9.75 40
"486" 19 10.25 36
"487" 19 10.75 38
"488" 19 11.75 36
"489" 19 12.75 40
"490" 19 13.25 40
"491" 19 14 31
"492" 19 14.75 28
"493" 19 15.25 22
"494" 19 15.75 24
"495" 19 16.25 24
"496" 19 16.75 30
"497" 19 17.25 16
"498" 19 17.75 16
"499" 19 18.25 14
"500" 19 19.25 13.3333333333333
"501" 19 20.25 6
"502" 19 20.75 2
"503" 19 21.25 4
"504" 19 21.75 4
"505" 19 22.25 6
"506" 19 22.75 2
"507" 19 23.25 4
"508" 19 23.75 4
"509" 19 0.5 4
"510" 19 1.5 4
"511" 19 2.25 4
"512" 19 2.75 12
"514" 19 8.5 33
"515" 20 9.25 28
"516" 20 9.75 26
"517" 20 10.25 26
"518" 20 11 25
"519" 20 12 23
"520" 20 12.75 32
"521" 20 13.5 28
"522" 20 14.5 25
"523" 20 15.25 44
"524" 20 16 42
"525" 20 17.25 42
"526" 20 18.75 41.3333333333333
"527" 20 19.75 38
"528" 20 20.25 12
"529" 20 20.75 22
"530" 20 21.25 10
"531" 20 21.75 16
"532" 20 22.25 12
"533" 20 22.75 8
"534" 20 23.25 10
"535" 20 23.75 12
"536" 20 0.25 12
"537" 20 1 12
"538" 20 1.75 6
"539" 20 2.25 4
"540" 20 2.75 6
"541" 20 3.25 8
"542" 20 3.75 6
"543" 20 4.25 4
"544" 20 4.75 6
"545" 20 5.275 7.27272727272727
"546" 20 6.775 17.5510204081633
"547" 20 8.25 16
"548" 20 8.75 18
"549" 21 9.25 16
"550" 21 9.75 18
"551" 21 11 16.5
"552" 21 12.5 16
"553" 21 13.25 18
"554" 21 14.25 15.3333333333333
"555" 21 15.25 16
"556" 21 16.25 14.6666666666667
"557" 21 17.25 16
"558" 21 17.75 16
"559" 21 18.5 11
"560" 21 19.25 14
"561" 21 19.75 14
"562" 21 20.5 24
"563" 21 21.25 22
"564" 21 21.75 12
"565" 21 22.25 16
"566" 21 22.75 12
"567" 21 23.5 13
"568" 21 0.25 16
"569" 21 0.75 8
"570" 21 1.25 4
"571" 21 1.75 4
"572" 21 2.25 4
"573" 21 2.75 2
"574" 21 3.25 4
"575" 21 4 5
"576" 21 5 14
"577" 21 5.75 14
"578" 21 7.75 8.57142857142857
"579" 22 10.25 42
"580" 22 11.25 44
"581" 22 11.75 46
"582" 22 12.25 46
"583" 22 13 41
"584" 22 13.75 42
"585" 22 14.25 42
"586" 22 14.75 42
"587" 22 15.5 44
"588" 22 16.25 40
"589" 22 16.75 40
"590" 22 17.25 18
"591" 22 19.25 30
"592" 22 21.25 18
"593" 22 21.75 14
"594" 22 22.25 12
"595" 22 22.75 12
"596" 22 23.25 8
"597" 22 23.75 10
"598" 22 0.25 14
"599" 22 0.75 8
"600" 22 1.25 8
"601" 22 2 8
"602" 22 2.75 8
"603" 22 3.25 6
"604" 22 3.75 4
"605" 22 4.25 4
"606" 22 4.75 6
"607" 22 5.25 12
"608" 22 5.75 16
"609" 22 6.25 14
"610" 22 6.75 14
"611" 22 8.25 18.8
"612" 23 10 42
"613" 23 10.75 22
"614" 23 11.25 20
"615" 23 11.75 20
"616" 23 12.25 22
"617" 23 12.75 20
"618" 23 13.25 20
"619" 23 13.75 20
"620" 23 14.25 34
"621" 23 14.75 46
"622" 23 15.25 42
"623" 23 15.75 48
"624" 23 16.25 42
"625" 23 16.75 46
"626" 23 17.25 44
"627" 23 17.75 40
"628" 23 18.25 48
"629" 23 18.75 48
"630" 23 19.25 42
"631" 23 19.75 46
"632" 23 21 23
"633" 23 22.25 16
"634" 23 22.75 16
"635" 23 23.25 14
"636" 23 23.75 14
"637" 23 0.25 14
"638" 23 0.758333333333333 9.6774193548387
"639" 23 1.25833333333333 10.3448275862069
"640" 23 2 11
"641" 23 2.75 10
"642" 23 3.25 10
"643" 23 3.75 14
"644" 23 4.25 12
"645" 23 4.75 10
"646" 23 5.75 7.33333333333333
"647" 23 7 12
"648" 23 7.75833333333333 23.2258064516129
"649" 23 8.25833333333333 20.6896551724138
"650" 24 9.5 20
"651" 24 10.75 22
"652" 24 11.75 20.6666666666667
"653" 24 12.75 24
"654" 24 13.25 22
"655" 24 13.75 40
"656" 24 14.25 42
"657" 24 14.75 40
"658" 24 15.25 42
"659" 24 15.75 42
"660" 24 16.25 40
"661" 24 17 30
"662" 24 17.75 20
"663" 24 18.25 12
"664" 24 18.75 14
"665" 24 19.25 10
"666" 24 19.75 8
"667" 24 20.25 4
"668" 24 20.75 4
"669" 24 21.5 3
"670" 24 22.25 6
"671" 24 22.7583333333333 3.87096774193548
"672" 24 23.2583333333333 4.13793103448276
"673" 24 23.75 6
"674" 24 0.25 6
"675" 24 0.75 4
"676" 24 1.5 3
"677" 24 2.25 4
"678" 24 2.75 12
"679" 24 3.25 16
"680" 24 3.75 22
"681" 24 4.25 36
"682" 24 4.75 38
"683" 24 6 38.5
"684" 24 7.25 38
"685" 24 7.75 36
"686" 24 8.25 20
"687" 24 8.75 18
"688" 25 10 21.5
"689" 25 11.25 20
"690" 25 12 17
"691" 25 13 19
"692" 25 15.5 21.5
"693" 25 19 21
"694" 25 20.75 18
"695" 25 21.25 20
"696" 25 21.75 20
"697" 25 22.25 20
"698" 25 22.7583333333333 19.3548387096774
"699" 25 23.2583333333333 16.551724137931
"700" 25 0 11
"701" 25 0.75 16
"702" 25 1.5 21
"703" 25 2.25 16
"704" 25 2.75 20
"705" 25 4.25 14.8
"706" 25 5.75 14
"707" 25 6.25 4
"708" 25 6.75 6
"709" 25 7.25 4
"710" 25 8.5 17.5
"711" 26 9.75 36
"712" 26 10.25 40
"713" 26 10.75 40
"714" 26 11.25 38
"715" 26 11.75 40
"716" 26 12.25 40
"717" 26 12.75 44
"718" 26 13.25 38
"719" 26 13.75 40
"720" 26 14.25 40
"721" 26 15.25 40
"722" 26 16.5 38
"723" 26 17.25 30
"724" 26 17.75 28
"725" 26 18.75 24
"726" 26 19.75 14
"727" 26 20.75 19.3333333333333
"728" 26 21.75 10
"729" 26 22.25 18
"730" 26 22.75 20
"731" 26 23.25 24
"732" 26 0 18
"733" 26 1 12
"734" 26 1.75 10
"735" 26 2.25 14
"736" 26 2.75 14
"737" 26 3.25 14
"738" 26 3.75 16
"739" 26 4.25 10
"740" 26 4.75 12
"741" 26 5.25 16
"742" 26 5.75 2
"743" 26 6.25 2
"744" 26 6.75 2
"745" 26 7.25 12
"746" 26 7.75 14
"747" 26 8.25 16
"748" 27 9 16
"749" 27 10.25 17.3333333333333
"750" 27 12.75 16.8571428571429
"751" 27 14.75 18
"752" 27 15.75 16.6666666666667
"753" 27 18.25 16.8571428571429
"754" 27 20.75 14.6666666666667
"755" 27 21.75 20
"756" 27 22.25 24
"757" 27 23 14
"758" 27 23.75 18
"759" 27 0.25 24
"760" 27 0.75 20
"761" 27 1.25 22
"762" 27 2.5 22.5
"763" 27 3.75 8
"764" 27 5 12
"765" 27 6.25 14
"766" 27 6.75 22
"767" 27 7.5 17
"768" 28 9.25 16.8
"769" 28 10.75 18
"770" 28 11.25 18
"771" 28 12.25 16.6666666666667
"772" 28 13.25 20
"773" 28 13.75 18
"774" 28 14.25 18
"776" 28 19.25 16
"777" 28 19.75 16
"778" 28 21 15.5
"779" 28 22.5 15
"780" 28 23.25 14
"781" 28 0.25 13.3333333333333
"782" 28 1.25 6
"783" 28 2.25 6
"784" 28 4 3.5
"785" 28 5.25 4
"786" 28 5.75 10
"787" 28 6.25 12
"788" 28 6.75 16
"789" 28 7.25 34
"790" 28 7.75 34
"791" 29 9 33
"792" 29 10.25 30
"793" 29 10.75 30
"794" 29 11.25 26
"795" 29 13 16.6666666666667
"796" 29 15 17
"797" 29 15.75 18
"798" 29 16.25 16
"800" 29 22.25 12
"801" 29 22.75 14
"802" 29 23.25 16
"803" 29 23.75 18
"804" 29 0.5 14
"805" 29 1.25 12
"806" 29 1.75 18
"807" 29 2.25 10
"808" 29 2.75 4
"809" 29 3.5 4
"810" 29 4.25 12
"811" 29 5 17
"812" 29 5.75 18
"813" 29 6.25 14
"814" 29 6.75 18
"815" 29 7.25 34
"816" 29 7.75 40
"817" 29 8.25 36
"818" 29 8.75 40
"819" 30 9.25 40
"820" 30 9.75 38
"821" 30 10.25 40
"822" 30 10.75 30
"823" 30 11.25 24
"824" 30 11.75 28
"825" 30 12.25 30
"826" 30 12.75 24
"827" 30 13.25 24
"828" 30 13.75 22
"829" 30 14.25 24
"831" 30 20.5083333333333 7.05882352941178
"832" 30 21.75 6
"833" 30 22.2583333333333 11.6129032258064
"834" 30 23.0083333333333 11.1864406779661
"835" 30 0.25 12
"836" 30 1.75 8.66666666666667
"837" 30 2.75833333333333 5.80645161290322
"838" 30 3.25833333333333 4.13793103448276
"839" 30 3.75 6
"840" 30 4.25 2
"842" 31 0 12
"843" 31 0.75 12
"844" 31 1.25 12
"845" 31 1.75 10
"846" 31 2.25 10
"847" 31 2.76666666666667 11.25
"848" 31 3.76666666666667 3.4090909090909
"849" 31 5.5 4.5
"850" 31 7.51666666666667 7.86885245901641
"851" 31 8.76666666666667 12.8571428571428
"852" 32 10.75 20
"854" 32 22.275 14.4827586206897
"855" 32 23.2666666666667 10.6666666666667
"856" 32 0.258333333333333 12.4137931034483
"857" 32 1.25 12.6666666666667
"858" 32 2.50833333333333 10.8196721311475
"859" 32 3.26666666666667 12
"860" 32 3.76666666666667 12
"861" 32 4.26666666666667 12
"862" 32 4.76666666666667 10
"863" 32 5.50833333333333 10.1694915254237
"864" 32 6.25 10
"865" 32 6.75 14
"866" 32 8.00833333333333 13.3884297520661
"868" 33 22.75 3.71428571428571
"869" 33 1.75 4.8
"870" 33 3.75 8.66666666666667
"871" 33 4.75 12
"872" 33 5.5 13
"873" 33 6.5 10
"874" 33 7.5 5
"875" 33 8.75 11.3333333333333
"876" 34 11 13
"877" 34 12.75 20
"878" 34 13.25 18
"879" 34 13.75 22
"880" 34 15.5 14.6666666666667
"882" 34 23 12.5
"883" 34 0.25 16
"884" 34 0.75 10
"885" 34 1.25833333333333 7.74193548387096
"886" 34 1.775 3.87096774193548
"887" 34 2.51666666666667 2.06896551724138
"888" 34 3.75 1.33333333333333
"889" 34 4.75833333333333 0
"890" 34 5.25833333333333 4.13793103448276
"891" 34 5.75 4
"892" 34 6.50833333333333 5.90163934426228
"893" 34 8.25833333333333 6.84563758389263
"894" 35 10.5 6.5
"896" 35 22.5083333333333 4.06779661016949
"897" 35 23.5083333333333 4.91803278688523
"898" 35 0.258333333333333 2.06896551724138
"899" 35 0.758333333333333 1.93548387096774
"900" 35 1.25833333333333 4.13793103448276
"901" 35 1.75 2
"902" 35 2.25 2
"903" 35 3.00833333333333 2.95081967213114
"904" 35 3.75833333333333 2.06896551724138
"905" 35 4.25 10
"906" 35 4.75 14
"907" 35 6.25 14.8
"908" 35 7.75 14
"909" 35 8.25 16
"910" 35 8.75 12
"911" 36 9.25 14
"912" 36 10.5 15
"913" 36 12.5 15
"914" 36 13.75 14
"915" 36 14.5 15
"916" 36 15.5 14
"917" 36 16.25 16
"918" 36 16.75 14
"919" 36 17.25 14
"920" 36 17.75 14
"921" 36 18.25 16
"922" 36 18.75 14
"923" 36 19.5 16
"924" 36 20.25 14
"925" 36 20.75 12
"926" 36 21.25 16
"927" 36 22 14
"928" 36 22.75 14
"929" 36 23.25 14
"930" 36 0.5 15
"931" 36 1.75 16
"932" 36 2.25 14
"933" 36 2.75 14
"934" 36 3.25 14
"935" 36 3.75 14
"936" 36 4.69166666666667 15.1807228915663
"937" 36 5.60833333333333 13.3333333333333
"938" 36 6.05833333333333 17.7777777777778
"939" 36 6.51666666666667 12.8571428571428
"940" 36 7.125 16
"941" 36 8 15
"942" 36 8.75 14
"943" 37 10 14.5
"944" 37 11.25 14
"945" 37 12.25 14
"946" 37 13.25 16
"947" 37 13.75 12
"948" 37 14.25 16
"949" 37 14.75 14
"950" 37 16.5 14.6666666666667
"951" 37 18.5 15
"952" 37 19.25 14
"953" 37 20 16
"954" 37 21.25 14.6666666666667
"955" 37 22.25 12
"956" 37 22.75 16
"957" 37 23.25 14
"958" 37 23.75 14
"959" 37 0.75 14
"960" 37 1.75 16
"961" 37 2.5 14
"962" 37 3.5 15
"963" 37 4.75 14.6666666666667
"964" 37 6.25 14
"965" 37 7.25 14
"966" 37 7.75 14
"967" 37 8.25 14
"968" 37 8.75 16
"969" 38 10 14.5
"970" 38 11.75 15.3333333333333
"971" 38 12.75 16
"972" 38 13.25 14
"973" 38 13.75 16
"974" 38 14.25 14
"975" 38 15 15
"976" 38 15.75 16
"977" 38 16.25 16
"978" 38 16.75 16
"979" 38 17.25 12
"980" 38 18.75 15.2
"981" 38 20.25 14
"982" 38 21.25 15.3333333333333
"983" 38 22.25 14
"984" 38 22.75 12
"985" 38 23.25 16
"986" 38 0 14
"987" 38 0.75 16
"988" 38 1.25 14
"989" 38 1.75 16
"990" 38 2.25 16
"991" 38 2.75 14
"992" 38 3.5 14
"993" 38 4.25 16
"994" 38 4.75 14
"995" 38 5.25 14
"996" 38 6.25 14.6666666666667
"997" 38 7.25 14
"998" 38 7.75 14
"999" 38 8.75 14
"1000" 39 9.75 14
"1001" 39 10.25 16
"1002" 39 10.75 14
"1003" 39 11.5 16
"1004" 39 12.25 16
"1005" 39 12.75 14
"1006" 39 13.25 16
"1007" 39 13.75 14
"1008" 39 14.25 16
"1009" 39 14.75 14
"1010" 39 16 15
"1011" 39 17.75 14.6666666666667
"1012" 39 18.75 16
"1013" 39 20 14.5
"1014" 39 21.25 14
"1015" 39 21.75 16
"1016" 39 22.25 14
"1017" 39 22.75 14
"1018" 39 23.75 14
"1019" 39 0.75 14
"1020" 39 1.25 12
"1021" 39 1.75 14
"1022" 39 2.5 14
"1023" 39 3.25 14
"1024" 39 3.75 14
"1025" 39 4.25 14
"1026" 39 5 13
"1027" 39 6 14
"1028" 39 7.00833333333333 13.7704918032786
"1029" 39 7.75833333333333 12.4137931034483
"1030" 39 8.5 14
"1031" 40 9.5 14
"1032" 40 10.25 14
"1033" 40 11.25 14
"1034" 40 12.25 14
"1035" 40 12.75 14
"1036" 40 13.25 12
"1037" 40 14.75 14.4
"1038" 40 16.25 12
"1039" 40 16.75 14
"1040" 40 18.5 14
"1041" 40 20.5 15
"1042" 40 21.25 14
"1043" 40 21.75 14
"1044" 40 22.25 14
"1045" 40 23.5 15.5
"1046" 40 0.75 14
"1047" 40 1.25 14
"1048" 40 1.75 16
"1049" 40 2.25 12
"1050" 40 2.75 16
"1051" 40 3.25 14
"1052" 40 3.75 14
"1053" 40 4.25 16
"1054" 40 5 15
"1055" 40 5.75 14
"1056" 40 6.25 16
"1057" 40 6.75 14
"1058" 40 7.25 14
"1059" 40 7.75 14
"1060" 40 8.25 14
"1061" 40 8.75 16
"1062" 41 9.25 16
"1063" 41 9.75 14
"1064" 41 10.25 14
"1065" 41 11 16
"1066" 41 12 14
"1067" 41 12.75 14
"1068" 41 13.5 15
"1069" 41 14.25 14
"1070" 41 14.75 14
"1071" 41 15.25 16
"1072" 41 15.75 14
"1073" 41 16.25 16
"1074" 41 16.75 14
"1075" 41 17.25 14
"1076" 41 17.75 14
"1077" 41 18.25 14
"1078" 41 18.75 16
"1079" 41 19.5083333333333 14.7540983606557
"1080" 41 20.2583333333333 16.551724137931
"1081" 41 20.75 14
"1082" 41 21.25 14
"1083" 41 22.0083333333333 14.7540983606557
"1084" 41 22.7583333333333 14.4827586206897
"1085" 41 23.25 14
"1086" 41 23.75 16
"1087" 41 0.25 14
"1088" 41 0.75 16
"1089" 41 1.25 14
"1090" 41 1.75 14
"1091" 41 2.50833333333333 14.7540983606557
"1092" 41 3.25833333333333 14.4827586206897
"1093" 41 3.75 16
"1094" 41 4.25 14
"1095" 41 4.75 14
"1096" 41 5.25 16
"1097" 41 5.75 14
"1098" 41 6.25833333333333 15.4838709677419
"1099" 41 6.75833333333333 14.4827586206897
"1100" 41 7.25 18
"1101" 41 7.75 14
"1102" 41 8.25 16
"1103" 41 8.75 16
"1104" 42 9.25 14
"1105" 42 9.75 14
"1106" 42 10.25 14
"1107" 42 10.75 16
"1108" 42 11.25 16
"1109" 42 11.75 14
"1110" 42 12.25 14
"1111" 42 12.75 18
"1112" 42 13.25 14
"1113" 42 13.75 14
"1114" 42 14.25 16
"1115" 42 14.75 12
"1116" 42 15.25 16
"1117" 42 15.75 14
"1118" 42 16.25 14
"1119" 42 17 17
"1120" 42 17.75 14
"1121" 42 18.25 14
"1122" 42 18.75 16
"1123" 42 19.5 15
"1124" 42 20.25 14
"1125" 42 21 16
"1126" 42 21.75 16
"1127" 42 22.25 16
"1128" 42 22.7583333333333 15.4838709677419
"1129" 42 23.2583333333333 16.551724137931
"1130" 42 23.75 14
"1131" 42 0.25 18
"1132" 42 0.75 16
"1133" 42 1.25 14
"1134" 42 1.75 14
"1135" 42 2.25833333333333 15.4838709677419
"1136" 42 2.75833333333333 16.551724137931
"1137" 42 3.25 16
"1138" 42 3.75 14
"1139" 42 4.25 16
"1140" 42 4.75 16
"1141" 42 5.25 14
"1142" 42 5.75 14
"1143" 42 6.25 14
"1144" 42 6.75 16
"1145" 42 7.25 14
"1146" 42 7.75 14
"1147" 42 8.25833333333333 15.4838709677419
"1148" 42 8.75833333333333 16.551724137931
"1149" 43 9.5 15
"1150" 43 10.25 16
"1151" 43 10.75 16
"1152" 43 11.25 16
"1153" 43 11.75 14
"1154" 43 12.25 16
"1155" 43 12.75 14
"1156" 43 13.25 16
"1157" 43 13.75 18
"1158" 43 14.25 16
"1159" 43 14.75 14
"1160" 43 15.25 16
"1161" 43 15.75 16
"1162" 43 16.25 16
"1163" 43 16.75 14
"1164" 43 17.25 14
"1165" 43 17.75 16
"1166" 43 18.25 16
"1167" 43 18.75 16
"1168" 43 19.5 15
"1169" 43 20.25 16
"1170" 43 21.0083333333333 14.7540983606557
"1171" 43 21.7583333333333 14.4827586206897
"1172" 43 22.25 16
"1173" 43 22.75 16
"1174" 43 23.2583333333333 15.4838709677419
"1175" 43 23.7583333333333 14.4827586206897
"1176" 43 0.25 14
"1177" 43 0.75 16
"1178" 43 1.25 16
"1179" 43 1.75 16
"1180" 43 2.25 16
"1181" 43 2.75 14
"1182" 43 3.25 16
"1183" 43 4 15
"1184" 43 5 14
"1185" 43 5.75 16
"1186" 43 6.25 16
"1187" 43 6.75833333333333 15.4838709677419
"1188" 43 7.25833333333333 14.4827586206897
"1189" 43 7.75 14
"1190" 43 8.25 16
"1191" 43 8.75 14
"1192" 44 9.25 16
"1193" 44 9.75 14
"1194" 44 10.25 16
"1195" 44 10.75 14
"1196" 44 11.25 16
"1197" 44 11.75 16
"1198" 44 12.25 14
"1199" 44 12.75 16
"1200" 44 13.25 14
"1201" 44 13.75 16
"1202" 44 14.25 14
"1203" 44 15 16
"1204" 44 15.75 16
"1205" 44 16.25 16
"1206" 44 16.75 18
"1207" 44 17.25 16
"1208" 44 18 15
"1209" 44 18.75 16
"1210" 44 19.25 14
"1211" 44 19.75 16
"1212" 44 20.25 16
"1213" 44 20.75 14
"1214" 44 21.25 16
"1215" 44 21.75 16
"1216" 44 22.25 14
"1217" 44 22.75 16
"1218" 44 23.25 14
"1219" 44 23.75 16
"1220" 44 0.25 16
"1221" 44 0.758333333333333 13.5483870967742
"1222" 44 1.25833333333333 14.4827586206897
"1223" 44 1.75 16
"1224" 44 2.25833333333333 15.4838709677419
"1225" 44 2.75833333333333 16.551724137931
"1226" 44 3.25 14
"1227" 44 3.75 16
"1228" 44 4.25 14
"1229" 44 4.75 16
"1230" 44 5.25 14
"1231" 44 5.75 16
"1232" 44 6.25 16
"1233" 44 6.75 14
"1234" 44 7.25 16
"1235" 44 7.75 14
"1236" 44 8.25 16
"1237" 44 8.75 16
"1238" 45 9.25 14
"1239" 45 10 15
"1240" 45 10.75 16
"1241" 45 11.25 16
"1242" 45 11.75 16
"1243" 45 12.25 14
"1244" 45 12.75 14
"1245" 45 13.25 16
"1246" 45 13.75 16
"1247" 45 14.25 16
"1248" 45 14.75 16
"1249" 45 15.25 14
"1250" 45 15.75 16
"1251" 45 16.25 16
"1252" 45 17 16
"1253" 45 17.75 16
"1254" 45 18.25 16
"1255" 45 18.7583333333333 15.4838709677419
"1256" 45 19.5083333333333 15.2542372881356
"1257" 45 20.25 14
"1258" 45 20.75 18
"1259" 45 21.25 16
"1260" 45 21.75 14
"1261" 45 22.25 16
"1262" 45 22.75 16
"1263" 45 23.25 14
"1264" 45 23.75 16
"1265" 45 0.25 16
"1266" 45 0.75 16
"1267" 45 1.25 16
"1268" 45 1.75 16
"1269" 45 2.25 16
"1270" 45 2.75 16
"1271" 45 3.25 16
"1272" 45 3.75 16
"1273" 45 4.25 14
"1274" 45 4.75 18
"1275" 45 5.25 14
"1276" 45 5.75 16
"1277" 45 6.25 18
"1278" 45 6.75 14
"1279" 45 7.25 16
"1280" 45 7.75 16
"1281" 45 8.25 16
"1282" 45 8.75 14
"1283" 46 9.25 16
"1284" 46 9.75 16
"1285" 46 10.25 12
"1286" 46 10.75 16
"1287" 46 11.25 14
"1288" 46 11.75 14
"1289" 46 12.5 15
"1290" 46 13.25 14
"1291" 46 13.75 18
"1292" 46 14.25 14
"1293" 46 14.75 18
"1294" 46 15.25 16
"1295" 46 15.75 14
"1296" 46 16.25 16
"1297" 46 16.75 16
"1298" 46 17.25 16
"1299" 46 17.75 16
"1300" 46 18.5083333333333 14.7540983606557
"1301" 46 19.2583333333333 14.4827586206897
