Date	Day_of_year	year	block	round	plot	treatment	soil_moisture_1	soil_moisture_2	soil_moisture_3	soil_moisture_4	soil_moisture_5	cov1
01/06/2018	152	2018	A1	1	1	W	39.1	43.2	48.8	39.2	28.4	3.073
01/06/2018	152	2018	A1	1	2	IW	36.7	40.1	48.8	50.3	44.9	2.44
01/06/2018	152	2018	A1	1	3	C	51.9	45	53.3	48.8	47.1	2.552
01/06/2018	152	2018	A1	1	4	I	46.1	39.4	42.1	26.6	33.8	2.609
01/06/2018	152	2018	A1	1	5	C	49.2	50.3	43.2	48.4	49.4	2.155
01/06/2018	152	2018	A1	1	6	IW	39.6	36.6	27.4	39	42.5	2.054
01/06/2018	152	2018	A1	1	7	C	45.7	46.1	42.2	41.3	44	2.713
01/06/2018	152	2018	A1	1	8	IW	45.8	47.2	49.6	42.3	47.4	2.421
01/06/2018	152	2018	A1	1	9	W	50.3	48.1	51.7	60	50	1.763
01/06/2018	152	2018	A1	1	10	I	43.8	51.6	49	47.2	34.3	2.277
01/06/2018	152	2018	A1	1	11	W	50.5	55.9	45.4	56.1	49.7	2.336
01/06/2018	152	2018	A1	1	12	I	49.2	45.8	44.3	47.5	40.6	2.517
01/06/2018	152	2018	A3	1	1	W	45	31.4	47.8	34.6	31.5	3.29
01/06/2018	152	2018	A3	1	2	W	28.3	29.9	33.3	39.6	39.8	3.115
01/06/2018	152	2018	A3	1	3	C	36.5	44.4	39	44.3	25.8	2.945
01/06/2018	152	2018	A3	1	4	I	37	30.4	29	40.4	27.3	3.004
01/06/2018	152	2018	A3	1	5	IW	40.9	36.4	39.2	35.1	39	2.988
01/06/2018	152	2018	A3	1	6	I	44.3	36.7	37.1	42.7	35.4	2.963
01/06/2018	152	2018	A3	1	7	C	37.2	38.3	37	47.4	33.8	3.065
01/06/2018	152	2018	A3	1	8	C	40.2	45.1	42.7	50	44.4	3.194
01/06/2018	152	2018	A3	1	9	I	39.9	34.1	43.3	46.6	37.5	3.49
01/06/2018	152	2018	A3	1	10	IW	30.8	33.2	37.4	38.6	37.4	2.763
01/06/2018	152	2018	A3	1	11	IW	41.6	22.2	36.7	38	22.3	3.228
01/06/2018	152	2018	A3	1	12	W	39.9	36.8	43.5	29.9	37.5	2.792
03/06/2018	154	2018	A4	1	1	C	23.6	31	29.4	22	35.2	2.893
03/06/2018	154	2018	A4	1	2	W	62.7	17.6	24.2	33	45	3.161
03/06/2018	154	2018	A4	1	3	W	43.1	25.9	31.2	60.4	50	2.825
03/06/2018	154	2018	A4	1	4	C	47.5	44.7	43	36	47.2	2.496
03/06/2018	154	2018	A4	1	5	I	58.4	31.4	34.8	63.8	48.4	2.541
03/06/2018	154	2018	A4	1	6	I	41.7	13.4	48.3	45	22	3.106
03/06/2018	154	2018	A4	1	7	IW	19.9	46.7	55	41.1	58.9	2.728
03/06/2018	154	2018	A4	1	8	IW	29.3	15.8	26.7	20.8	26	3.202
03/06/2018	154	2018	A4	1	9	C	57.8	61	41	23.8	66.15	2.852
03/06/2018	154	2018	A4	1	10	IW	40.5	17.7	34.7	22.9	31.5	3.433
03/06/2018	154	2018	A4	1	11	W	28.3	37.4	37.1	68.5	72.6	3.591
03/06/2018	154	2018	A4	1	12	I	47.4	62.2	55.4	73.3	40.5	3.591
05/06/2018	156	2018	A1	2	1	W	39.3	45.2	44.8	31.8	35.2	3.289
05/06/2018	156	2018	A1	2	2	IW	39.8	39.6	49.2	47.8	49.4	2.92
05/06/2018	156	2018	A1	2	3	C	55.2	37.7	46.8	41.4	41.9	2.876
05/06/2018	156	2018	A1	2	4	I	39.8	39.4	38.4	26.1	32.1	2.828
05/06/2018	156	2018	A1	2	5	C	43.4	47	41.3	44.5	47.1	2.225
05/06/2018	156	2018	A1	2	6	IW	30	32.4	25	36.4	40.2	2.52
05/06/2018	156	2018	A1	2	7	C	36.6	32	37.2	39.6	44.1	2.853
05/06/2018	156	2018	A1	2	8	IW	36.6	42.9	45.5	36.5	36.5	2.917
05/06/2018	156	2018	A1	2	9	W	37.4	48.7	40.6	47.6	55.3	2.09
05/06/2018	156	2018	A1	2	10	I	55.3	59.5	54.7	46.4	40.7	2.351
05/06/2018	156	2018	A1	2	11	W	48.4	54.7	36.3	47.8	52.7	3.111
05/06/2018	156	2018	A1	2	12	I	49.5	33.1	39.5	50.2	44.2	2.702
05/06/2018	156	2018	A3	2	1	W	47.1	35.3	45.8	32.8	37	3.386
05/06/2018	156	2018	A3	2	2	W	47	49.6	40.7	43.2	47.6	3.491
05/06/2018	156	2018	A3	2	3	C	36.9	46.1	41.1	44.4	48.3	3.177
05/06/2018	156	2018	A3	2	4	I	36.1	25.6	24.66	33.8	22	3.159
05/06/2018	156	2018	A3	2	5	IW	40.1	35.8	36.2	32.9	32.4	3.343
05/06/2018	156	2018	A3	2	6	I	48	35.6	32.6	31.7	33.8	3.094
05/06/2018	156	2018	A3	2	7	C	29.9	34.3	37.2	36	37.6	3.23
05/06/2018	156	2018	A3	2	8	C	48.7	40.4	41.6	46.4	48.5	3.406
05/06/2018	156	2018	A3	2	9	I	37.4	35	44.7	44	40.1	3.478
05/06/2018	156	2018	A3	2	10	IW	26.4	26.3	32	34.2	32.2	3.079
05/06/2018	156	2018	A3	2	11	IW	39.9	17.5	32.9	34.2	28.3	3.324
05/06/2018	156	2018	A3	2	12	W	39.3	29.8	39.4	27.4	35.3	3.15
05/06/2018	156	2018	A4	2	1	C	30.3	24.8	32.4	28	40.6	2.93
05/06/2018	156	2018	A4	2	2	W	55	16.9	21.5	31.4	25.9	3.228
05/06/2018	156	2018	A4	2	3	W	48.4	32.7	45.4	55.3	66.3	2.851
05/06/2018	156	2018	A4	2	4	C	37.4	38.3	43	34.6	45.3	3.464
05/06/2018	156	2018	A4	2	5	I	62.3	36.4	38	76.8	67.9	2.407
05/06/2018	156	2018	A4	2	6	I	34	53.2	44.5	47.4	35	3.188
05/06/2018	156	2018	A4	2	7	IW	44.3	60.4	38.9	43.9	40.9	2.732
05/06/2018	156	2018	A4	2	8	IW	30.4	15.9	31.1	14.7	32.2	3.3
05/06/2018	156	2018	A4	2	9	C	54.2	38.6	28.9	21.2	67.8	2.829
05/06/2018	156	2018	A4	2	10	IW	45.5	25.8	46.7	38	34.5	3.526
05/06/2018	156	2018	A4	2	11	W	37.7	77.1	42.3	67.4	75.3	3.362
05/06/2018	156	2018	A4	2	12	I	45.9	59.7	59.5	33.6	41.6	3.47
12/06/2018	163	2018	A1	3	1	W	26.8	37.4	37.9	27.1	26.2	4.066
12/06/2018	163	2018	A1	3	2	IW	28.5	35.3	44.6	43.9	41.4	3.696
12/06/2018	163	2018	A1	3	3	C	45.7	33.4	45.8	42.2	40.6	3.444
12/06/2018	163	2018	A1	3	4	I	41.3	34.7	34.4	20.2	23.9	3.361
12/06/2018	163	2018	A1	3	5	C	36.7	38.5	31.2	38.2	44.8	2.801
12/06/2018	163	2018	A1	3	6	IW	29.8	26.5	22.3	34.3	29.2	3.592
12/06/2018	163	2018	A1	3	7	C	31.8	26	36.3	36.9	36.5	3.37
12/06/2018	163	2018	A1	3	8	IW	36.6	36	38.8	30.8	37.3	4.107
12/06/2018	163	2018	A1	3	9	W	35.2	47	45	45.7	10.4	2.846
12/06/2018	163	2018	A1	3	10	I	31.8	50.3	40.7	40.4	14.6	2.909
12/06/2018	163	2018	A1	3	11	W	44.1	48.3	26.9	47.5	44.1	3.772
12/06/2018	163	2018	A1	3	12	I	36.9	33.9	35.2	25.9	33.9	3.088
12/06/2018	163	2018	A3	3	1	W	37.6	28.7	58.2	28.2	28.2	3.957
12/06/2018	163	2018	A3	3	2	W	34.5	28.6	80.9	34.9	26.2	3.774
12/06/2018	163	2018	A3	3	3	C	35.5	40.7	43.3	37.6	33.7	3.498
12/06/2018	163	2018	A3	3	4	I	30.6	19.5	16.7	27.2	32.5	3.423
12/06/2018	163	2018	A3	3	5	IW	33.2	31.7	37.2	32	32.2	3.744
12/06/2018	163	2018	A3	3	6	I	35.1	29.9	28.3	32.2	27.9	2.933
12/06/2018	163	2018	A3	3	7	C	29.1	34.5	30.3	36.6	28.4	3.478
12/06/2018	163	2018	A3	3	8	C	36.2	35.8	37.1	42.9	34.3	3.725
12/06/2018	163	2018	A3	3	9	I	25.5	24.6	38.7	40.7	36.3	3.232
12/06/2018	163	2018	A3	3	10	IW	22.8	23.5	23.3	32.5	30.4	3.549
12/06/2018	163	2018	A3	3	11	IW	26.5	11.1	28.7	23	11.4	3.498
12/06/2018	163	2018	A3	3	12	W	27.2	20.6	40.2	23.2	32.9	3.721
12/06/2018	163	2018	A4	3	1	C	22.5	26.5	31.1	27.3	49.7	3.558
12/06/2018	163	2018	A4	3	2	W	45.5	15.8	21.7	24.8	51.7	3.634
12/06/2018	163	2018	A4	3	3	W	37	24.6	30.3	56.7	48	3.547
12/06/2018	163	2018	A4	3	4	C	35.5	42.8	34.2	26.7	40	3.095
12/06/2018	163	2018	A4	3	5	I	58.4	31.8	29.4	24.8	45.3	2.75
12/06/2018	163	2018	A4	3	6	I	33.6	32	44	41.3	25.1	3.621
12/06/2018	163	2018	A4	3	7	IW	25.7	51.2	40.2	40.4	46.4	3.526
12/06/2018	163	2018	A4	3	8	IW	26.9	18.3	25.2	25.7	20.5	3.958
12/06/2018	163	2018	A4	3	9	C	48.9	61.2	30.7	15.6	40.6	3.178
12/06/2018	163	2018	A4	3	10	IW	43.3	23.8	33.7	38.3	25.2	3.927
12/06/2018	163	2018	A4	3	11	W	33.6	60.7	31.3	65.2	39.3	3.85
12/06/2018	163	2018	A4	3	12	I	46.6	61.5	42.5	26.8	47.3	3.477
15/06/2018	166	2018	A1	4	1	W	30.8	38.3	41.5	38.3	27.7	4.569
15/06/2018	166	2018	A1	4	2	IW	31.3	31.4	42.4	43	39.1	4.116
15/06/2018	166	2018	A1	4	3	C	47.2	34.1	40.4	33	40.6	3.886
15/06/2018	166	2018	A1	4	4	I	37.3	38	34.7	22.4	26	3.515
15/06/2018	166	2018	A1	4	5	C	37.3	34.6	33.4	37.2	46.9	2.989
15/06/2018	166	2018	A1	4	6	IW	27.3	25.8	24.6	32.3	26.6	3.92
15/06/2018	166	2018	A1	4	7	C	33.1	26.3	30.7	37.2	28.2	3.61
15/06/2018	166	2018	A1	4	8	IW	38.2	40.3	41.5	29	46.2	4.446
15/06/2018	166	2018	A1	4	9	W	35.5	45.2	39.9	44.7	49.6	3.379
15/06/2018	166	2018	A1	4	10	I	38.3	46.3	49.4	40.4	36.1	3.164
15/06/2018	166	2018	A1	4	11	W	46.1	48.3	39	41.7	49.4	3.434
15/06/2018	166	2018	A1	4	12	I	48.8	32.1	35.2	38.1	39.1	3.42
15/06/2018	166	2018	A3	4	1	W	18.8	22.2	23.4	16.7	21.8	4.215
15/06/2018	166	2018	A3	4	2	W	17.9	15.9	23.7	20.2	25.3	4.151
15/06/2018	166	2018	A3	4	3	C	24.8	28.8	30.6	29	28.1	3.835
15/06/2018	166	2018	A3	4	4	I	23.9	16.9	14.8	28.3	24.8	4.501
15/06/2018	166	2018	A3	4	5	IW	35	16.6	27.6	14.6	31.9	3.43
15/06/2018	166	2018	A3	4	6	I	26.5	36.1	20.9	27.7	32.1	3.36
15/06/2018	166	2018	A3	4	7	C	26	22.4	29.9	36.8	24.5	3.726
15/06/2018	166	2018	A3	4	8	C	41.7	36.8	33.5	35.7	36.1	3.934
15/06/2018	166	2018	A3	4	9	I	30.9	20.9	30.3	34.7	29.7	3.479
15/06/2018	166	2018	A3	4	10	IW	24.4	19.5	23.6	26.7	24.7	3.981
15/06/2018	166	2018	A3	4	11	IW	21.5	10.3	22.7	25.4	20	3.865
15/06/2018	166	2018	A3	4	12	W	15.7	25.8	37	21.3	35.7	3.994
18/06/2018	169	2018	A4	5	1	C	19	31.7	30.8	20.4	49.8	4.219
18/06/2018	169	2018	A4	5	2	W	44.3	7.2	25.4	22.3	29.9	4.228
18/06/2018	169	2018	A4	5	3	W	31.3	22	19.2	48.3	24.4	4.233
18/06/2018	169	2018	A4	5	4	C	33.7	36.3	37.7	27.5	33.6	3.749
18/06/2018	169	2018	A4	5	5	I	55	21.4	23.9	22.4	43.3	3.308
18/06/2018	169	2018	A4	5	6	I	28.8	16.3	36.2	32.1	20.7	4.479
18/06/2018	169	2018	A4	5	7	IW	27.9	48	24.5	22.3	31.4	4.382
18/06/2018	169	2018	A4	5	8	IW	20.8	9.7	19.1	14.8	13.1	4.56
18/06/2018	169	2018	A4	5	9	C	48.3	41.2	19.8	10.2	66.5	3.724
18/06/2018	169	2018	A4	5	10	IW	40.2	27.6	33.1	28.2	18.6	4.71
18/06/2018	169	2018	A4	5	11	W	27	53.4	26.6	59.2	13.4	4.359
18/06/2018	169	2018	A4	5	12	I	34	45.6	52	23.2	35.8	3.895
18/06/2018	169	2018	A1	5	1	W	28.7	36.4	40.7	31.4	36.5	4.734
18/06/2018	169	2018	A1	5	2	IW	30.6	30.1	39.7	37.9	41.4	4.336
18/06/2018	169	2018	A1	5	3	C	42.2	31.1	48.3	43.1	41.1	4.677
18/06/2018	169	2018	A1	5	4	I	35	36	35.5	23.9	26.5	4.074
18/06/2018	169	2018	A1	5	5	C	39.5	39.7	32.3	38.2	43.9	3.584
18/06/2018	169	2018	A1	5	6	IW	27	27.1	24	36.3	33.1	4.519
18/06/2018	169	2018	A1	5	7	C	28.2	21.9	37	33.4	33.6	4.262
18/06/2018	169	2018	A1	5	8	IW	38.8	39	43.5	34.3	40.2	4.999
18/06/2018	169	2018	A1	5	9	W	30.8	43.7	39.7	45.8	43.9	3.902
18/06/2018	169	2018	A1	5	10	I	39.1	43.3	41.9	42.6	34.2	3.889
18/06/2018	169	2018	A1	5	11	W	45.2	47.6	42	46.7	42.6	4.282
18/06/2018	169	2018	A1	5	12	I	47.6	34.3	31.6	44.2	35.1	3.897
18/06/2018	169	2018	A3	5	1	W	20.3	26.5	27.1	22.8	30.4	4.834
18/06/2018	169	2018	A3	5	2	W	29.4	25.6	29	25.7	26.7	4.691
18/06/2018	169	2018	A3	5	3	C	28.9	31.1	32.9	32.8	26	4.571
18/06/2018	169	2018	A3	5	4	I	25.4	18.9	16.3	27.6	20.6	4.141
18/06/2018	169	2018	A3	5	5	IW	34.3	25.7	37.3	31	24.2	4.715
18/06/2018	169	2018	A3	5	6	I	27	28.6	21.6	24	28.2	4.543
18/06/2018	169	2018	A3	5	7	C	27.5	27	29.5	32.7	27.7	4.377
18/06/2018	169	2018	A3	5	8	C	26.9	37.9	32	38.5	40.1	4.607
18/06/2018	169	2018	A3	5	9	I	24.4	24.3	36.6	33.1	38.7	4.039
18/06/2018	169	2018	A3	5	10	IW	23.8	24.8	28.5	25.5	29.3	4.744
18/06/2018	169	2018	A3	5	11	IW	32.2	22.1	29.5	27.6	26.4	4.579
18/06/2018	169	2018	A3	5	12	W	26.6	32.1	37.8	26	34.9	4.849
22/06/2018	173	2018	A1	6	1	W	23.7	40.6	39.4	44.1	41.1	5.19
22/06/2018	173	2018	A1	6	2	IW	40	41.6	44.4	43.2	45.1	5.179
22/06/2018	173	2018	A1	6	3	C	41.7	38.9	49.8	46.2	46	5.511
22/06/2018	173	2018	A1	6	4	I	37.4	41.2	44.8	31.6	34.9	4.858
22/06/2018	173	2018	A1	6	5	C	43.5	48.9	35.1	37.1	44.3	4.344
22/06/2018	173	2018	A1	6	6	IW	39.8	32.9	35.2	39.5	41.2	5.134
22/06/2018	173	2018	A1	6	7	C	43.9	35.8	39.5	25	43.5	4.891
22/06/2018	173	2018	A1	6	8	IW	40.3	46.6	44.9	40.9	46	5.644
22/06/2018	173	2018	A1	6	9	W	42.1	47.5	37	51.4	50.6	4.623
22/06/2018	173	2018	A1	6	10	I	27.4	39.3	31.2	49.4	27.5	4.969
22/06/2018	173	2018	A1	6	11	W	49.2	45.8	39.9	50.5	50.4	4.803
22/06/2018	173	2018	A1	6	12	I	47.7	24.2	38.5	35.9	24.2	4.865
22/06/2018	173	2018	A3	6	1	W	30.5	34.7	35.9	23.2	37.1	4.929
22/06/2018	173	2018	A3	6	2	W	29.6	35.1	31.3	29.6	49.2	4.87
22/06/2018	173	2018	A3	6	3	C	30	42.7	37.1	36.6	42.9	4.669
22/06/2018	173	2018	A3	6	4	I	28.2	22.2	21	36	31	4.41
22/06/2018	173	2018	A3	6	5	IW	35.4	22.9	33.1	31.7	36.2	4.967
22/06/2018	173	2018	A3	6	6	I	35.3	37.4	26.9	31.6	39.3	3.829
22/06/2018	173	2018	A3	6	7	C	27.5	34.5	35.6	34	29.1	4.849
22/06/2018	173	2018	A3	6	8	C	31	39	38.1	43.3	41	5.014
22/06/2018	173	2018	A3	6	9	I	29.3	27.6	38.9	34.5	40.9	4.442
22/06/2018	173	2018	A3	6	10	IW	23.9	22.7	24	33.9	27.5	5.044
22/06/2018	173	2018	A3	6	11	IW	17.9	18.6	27.1	30.6	23	4.791
22/06/2018	173	2018	A3	6	12	W	21.6	35.5	40.8	29.6	37.6	5.248
22/06/2018	173	2018	A4	6	1	C	33.3	46.7	34	31.3	33.5	4.801
22/06/2018	173	2018	A4	6	2	W	20.1	34.9	39.9	27	30.1	4.655
22/06/2018	173	2018	A4	6	3	W	30.1	33.5	32.3	40.8	40.9	4.836
22/06/2018	173	2018	A4	6	4	C	26.9	25.6	34.3	30.5	40	4.234
22/06/2018	173	2018	A4	6	5	I	19.8	23	52.7	59.6	62.3	3.898
22/06/2018	173	2018	A4	6	6	I	34.6	51.7	48.1	38.8	25.9	5.162
22/06/2018	173	2018	A4	6	7	IW	34.8	53.6	28.4	54.9	47.3	4.747
22/06/2018	173	2018	A4	6	8	IW	20.3	25.3	19.3	19	25.5	5.085
22/06/2018	173	2018	A4	6	9	C	49	48.1	32.6	20.1	50	4.054
22/06/2018	173	2018	A4	6	10	IW	50.7	22.6	37.9	32.1	39.9	5.016
22/06/2018	173	2018	A4	6	11	W	41.6	50	51.3	63.4	28.4	4.873
22/06/2018	173	2018	A4	6	12	I	30.2	50.3	50.9	41.8	50.1	4.365
26/06/2018	177	2018	A1	7	1	W	33.5	37.3	42.6	27.8	31.1	5.231
26/06/2018	177	2018	A1	7	2	IW	30.6	34	43.5	39	40.2	5.295
26/06/2018	177	2018	A1	7	3	C	46.3	32.3	40.5	36.7	42.2	5.315
26/06/2018	177	2018	A1	7	4	I	39.7	27.8	32.3	20.6	38.6	4.769
26/06/2018	177	2018	A1	7	5	C	39.2	38.9	30.3	38.7	46.6	4.26
26/06/2018	177	2018	A1	7	6	IW	34.1	29.4	22.5	35.2	31.8	4.987
26/06/2018	177	2018	A1	7	7	C	34.6	29.4	37.2	33.1	39.5	4.754
26/06/2018	177	2018	A1	7	8	IW	37.5	36.8	43.3	30.5	44.8	5.586
26/06/2018	177	2018	A1	7	9	W	29.7	44.1	40.1	45.2	42.4	4.64
26/06/2018	177	2018	A1	7	10	I	35.4	50	43.6	39.7	15.9	5.285
26/06/2018	177	2018	A1	7	11	W	42.7	48.5	34.7	49.4	50.6	4.785
26/06/2018	177	2018	A1	7	12	I	45.9	33.5	34.5	28.9	20	4.704
26/06/2018	177	2018	A3	7	1	W	31	33.8	28.8	23.1	31.6	5.26
26/06/2018	177	2018	A3	7	2	W	29.7	30.2	38.6	32.7	39.9	5.321
26/06/2018	177	2018	A3	7	3	C	35.1	40.6	36.3	33.2	28.2	5.49
26/06/2018	177	2018	A3	7	4	I	34.2	23.3	15.8	30	27	5.168
26/06/2018	177	2018	A3	7	5	IW	31.8	25	38.6	31.5	33.9	5.641
26/06/2018	177	2018	A3	7	6	I	34.5	35.4	29	33.6	36.3	4.811
26/06/2018	177	2018	A3	7	7	C	36.4	38.5	33.3	37.4	31.2	5.534
26/06/2018	177	2018	A3	7	8	C	31.8	36.5	31.4	37.8	28.3	5.644
26/06/2018	177	2018	A3	7	9	I	29.7	24.1	35.5	36.3	28	5.543
26/06/2018	177	2018	A3	7	10	IW	22.5	22.9	23.4	24.4	28.7	5.692
26/06/2018	177	2018	A3	7	11	IW	18.9	13.8	30.6	20.5	15.1	5.557
26/06/2018	177	2018	A3	7	12	W	21	21.8	29.7	24.2	31.1	5.757
26/06/2018	177	2018	A4	7	1	C	21.2	37.8	28.4	21.5	42.4	5.281
26/06/2018	177	2018	A4	7	2	W	50.1	18.4	46.9	40.8	26.6	5.035
26/06/2018	177	2018	A4	7	3	W	39.3	25.9	25.5	46.9	46.6	5.26
26/06/2018	177	2018	A4	7	4	C	29.8	36.4	41.1	26.9	41.5	4.669
26/06/2018	177	2018	A4	7	5	I	48	27.4	25.9	21.8	60	4.546
26/06/2018	177	2018	A4	7	6	I	29	29.3	39.6	31.7	24.3	5.451
26/06/2018	177	2018	A4	7	7	IW	15.1	49.4	22.3	33.9	63.8	5.114
26/06/2018	177	2018	A4	7	8	IW	19.2	11.7	22.4	14.2	17	5.436
26/06/2018	177	2018	A4	7	9	C	43.5	47.9	21	37.2	58.1	4.377
26/06/2018	177	2018	A4	7	10	IW	44.2	25.8	39.6	21.1	23.4	5.216
26/06/2018	177	2018	A4	7	11	W	41.4	53.9	33.4	47.1	40.7	5.233
26/06/2018	177	2018	A4	7	12	I	30.3	47.9	50.6	61.3	39.4	4.876
04/07/2018	185	2018	A1	8	1	W	32.9	38.2	36.9	27.8	31.5	5.312
04/07/2018	185	2018	A1	8	2	IW	29.2	34.6	39.2	41.2	39.7	5.664
04/07/2018	185	2018	A1	8	3	C	40.7	33.1	47	43.2	40.8	5.614
04/07/2018	185	2018	A1	8	4	I	37.7	37.3	34.7	22.7	27.9	5.207
04/07/2018	185	2018	A1	8	5	C	36.4	35.6	32.1	39	43.9	4.686
04/07/2018	185	2018	A1	8	6	IW	34.7	38.6	25.5	35.2	34.5	5.569
04/07/2018	185	2018	A1	8	7	C	36.6	26.8	38.3	39.1	35.7	5.306
04/07/2018	185	2018	A1	8	8	IW	37.9	38.4	44.4	32.2	40.1	5.677
04/07/2018	185	2018	A1	8	9	W	36.1	43.3	38.8	43.4	45.6	4.886
04/07/2018	185	2018	A1	8	10	I	35.8	46.4	48.1	41.9	34.6	6.068
04/07/2018	185	2018	A1	8	11	W	41.7	47.4	43.2	46.6	48.4	5.061
04/07/2018	185	2018	A1	8	12	I	43.9	35	36.8	36.6	38.5	5.258
04/07/2018	185	2018	A3	8	1	W	35.1	28	39.9	37.7	37.1	5.242
04/07/2018	185	2018	A3	8	2	W	24.9	28	23.4	28.8	31	5.429
04/07/2018	185	2018	A3	8	3	C	34.6	45.4	33.8	36.9	32.9	5.723
04/07/2018	185	2018	A3	8	4	I	32.6	21	23.1	33.7	25.9	4.906
04/07/2018	185	2018	A3	8	5	IW	34.2	27.2	38.4	28	30.8	5.511
04/07/2018	185	2018	A3	8	6	I	32.5	32.8	32.3	28.9	29	4.91
04/07/2018	185	2018	A3	8	7	C	25.3	29.7	28.4	33.3	28	5.628
04/07/2018	185	2018	A3	8	8	C	34.1	39	38.4	40.8	40.3	5.813
04/07/2018	185	2018	A3	8	9	I	23.8	28	39.8	33.7	33.9	5.519
04/07/2018	185	2018	A3	8	10	IW	20	21.8	26.2	28.8	28.4	5.55
04/07/2018	185	2018	A3	8	11	IW	26.3	15.1	27.9	27.5	22.4	5.271
04/07/2018	185	2018	A3	8	12	W	25.1	28.4	38.5	23.7	38.9	5.642
04/07/2018	185	2018	A4	8	1	C	15.5	14.9	30.8	19.8	44.2	5.465
04/07/2018	185	2018	A4	8	2	W	41.8	12.7	16.3	22.8	36.6	5.139
04/07/2018	185	2018	A4	8	3	W	26.9	20.6	26.4	36.3	35.5	5.403
04/07/2018	185	2018	A4	8	4	C	29.2	32.7	35.1	26.6	35.8	4.833
04/07/2018	185	2018	A4	8	5	I	40.9	22.4	22.5	34.8	50.7	4.707
04/07/2018	185	2018	A4	8	6	I	22.6	18	36.8	32.9	16.5	5.661
04/07/2018	185	2018	A4	8	7	IW	16.1	39.5	25.5	35.9	35.3	5.238
04/07/2018	185	2018	A4	8	8	IW	16.4	11.2	6.8	9.6	17.8	5.492
04/07/2018	185	2018	A4	8	9	C	43.1	34.5	17.5	10	47	4.462
04/07/2018	185	2018	A4	8	10	IW	39.3	17	47.6	25.9	19.8	5.443
04/07/2018	185	2018	A4	8	11	W	25.9	47.2	29.7	47.4	36.2	5.35
04/07/2018	185	2018	A4	8	12	I	36.4	44.5	45.4	42.4	38.4	4.998
11/07/2018	192	2018	A1	9	1	W	27.7	36	34.7	16.8	24	5.466
11/07/2018	192	2018	A1	9	2	IW	27.2	27.3	40.4	40.7	34.4	5.675
11/07/2018	192	2018	A1	9	3	C	39.4	27	37.9	34.6	34	5.489
11/07/2018	192	2018	A1	9	4	I	35.4	31.2	30	20	24.6	5.278
11/07/2018	192	2018	A1	9	5	C	34	33.1	31.7	34.6	41.9	5.041
11/07/2018	192	2018	A1	9	6	IW	29.3	26.7	23.3	34	26.7	5.758
11/07/2018	192	2018	A1	9	7	C	32.3	21.2	33.5	32.4	29.9	5.243
11/07/2018	192	2018	A1	9	8	IW	33.7	30.9	37	27.8	39.6	5.79
11/07/2018	192	2018	A1	9	9	W	33.8	40.8	37.6	39.9	44.3	5.479
11/07/2018	192	2018	A1	9	10	I	29.1	41.3	40.2	28.8	28.2	6.3
11/07/2018	192	2018	A1	9	11	W	35.9	42.4	28.3	36.4	44.1	5.225
11/07/2018	192	2018	A1	9	12	I	38.9	27.8	33	20.2	30.2	5.516
11/07/2018	192	2018	A3	9	1	W	36.5	22.5	34.3	27	30.4	5.362
11/07/2018	192	2018	A3	9	2	W	27.4	20.8	19.5	25.3	25.1	5.434
11/07/2018	192	2018	A3	9	3	C	30.1	40.5	31.4	34.9	30.4	5.71
11/07/2018	192	2018	A3	9	4	I	30.6	19.5	19.4	30.1	25.6	5.159
11/07/2018	192	2018	A3	9	5	IW	29.9	24.3	32	20.3	25	5.722
11/07/2018	192	2018	A3	9	6	I	35	28.2	31.8	22.7	28.3	5.121
11/07/2018	192	2018	A3	9	7	C	27.7	31.7	28.9	34.3	26.9	5.698
11/07/2018	192	2018	A3	9	8	C	30.3	36.9	31.7	38.4	31.6	5.864
11/07/2018	192	2018	A3	9	9	I	27.4	23.2	38.8	33.9	27.6	5.727
11/07/2018	192	2018	A3	9	10	IW	20.4	20.9	21	26.6	28.5	5.626
11/07/2018	192	2018	A3	9	11	IW	23.2	10.9	30.2	25.3	18.2	5.303
11/07/2018	192	2018	A3	9	12	W	9.6	28	37.4	18.3	33	5.659
11/07/2018	192	2018	A4	9	1	C	13.9	12	25	17.6	36.8	5.781
11/07/2018	192	2018	A4	9	2	W	34.9	7.8	17.3	18.4	19.2	5.562
11/07/2018	192	2018	A4	9	3	W	22.4	17.5	17	40.4	31.7	5.644
11/07/2018	192	2018	A4	9	4	C	24	31.8	24.2	26.1	36	5.251
11/07/2018	192	2018	A4	9	5	I	44.4	18.1	23.5	28.7	47.8	5.143
11/07/2018	192	2018	A4	9	6	I	26.1	14.8	34	28.3	18.3	5.68
11/07/2018	192	2018	A4	9	7	IW	16.2	45.7	34.4	30	35.6	5.538
11/07/2018	192	2018	A4	9	8	IW	14.5	12.2	16.7	12.5	15.9	5.673
11/07/2018	192	2018	A4	9	9	C	40.3	32.7	22.9	4.3	36.2	4.617
11/07/2018	192	2018	A4	9	10	IW	35.5	12.8	36.9	22.6	19.1	5.605
11/07/2018	192	2018	A4	9	11	W	17.4	32.1	20	43.7	33.3	5.623
11/07/2018	192	2018	A4	9	12	I	37.1	40.5	36.3	37.8	23.4	4.309
17/07/2018	198	2018	A1	10	1	W	26.3	34.5	34	21.3	29.8	5.249
17/07/2018	198	2018	A1	10	2	IW	23.5	31.2	39.9	35.6	40.1	6.004
17/07/2018	198	2018	A1	10	3	C	38.9	23.7	33.5	31.4	33.5	5.854
17/07/2018	198	2018	A1	10	4	I	32.2	31.5	29.3	18.5	21.9	5.694
17/07/2018	198	2018	A1	10	5	C	34.9	34.4	33.3	40.1	40.2	5.367
17/07/2018	198	2018	A1	10	6	IW	28	24.4	20.1	30.6	31.2	5.799
17/07/2018	198	2018	A1	10	7	C	24.6	14.4	32	27.7	30.6	5.376
17/07/2018	198	2018	A1	10	8	IW	33.4	33	37	29.3	38.2	5.868
17/07/2018	198	2018	A1	10	9	W	25.8	44.2	30.1	37.1	28.6	5.109
17/07/2018	198	2018	A1	10	10	I	31.1	38	42.8	32.4	24.3	6.626
17/07/2018	198	2018	A1	10	11	W	41.4	38.5	28.6	39	34.3	5.409
17/07/2018	198	2018	A1	10	12	I	42.3	17.9	27.3	30.8	33.3	5.987
17/07/2018	198	2018	A3	10	1	W	33.9	21.5	37.2	24.2	29.7	5.379
17/07/2018	198	2018	A3	10	2	W	29.9	20.3	18.1	19.9	17.2	5.402
17/07/2018	198	2018	A3	10	3	C	31.2	38.4	30.2	34.9	36.8	5.994
17/07/2018	198	2018	A3	10	4	I	28.2	19.9	18.3	26.2	20.9	5.417
17/07/2018	198	2018	A3	10	5	IW	32.7	24.7	29.2	22.3	32.3	5.845
17/07/2018	198	2018	A3	10	6	I	27.4	27.7	26.3	26.3	24.5	5.87
17/07/2018	198	2018	A3	10	7	C	24.4	30.1	27.8	32.4	25.3	5.894
17/07/2018	198	2018	A3	10	8	C	28.1	34	32.8	36.8	32.9	6.053
17/07/2018	198	2018	A3	10	9	I	28.9	27	34.4	37.7	32.9	5.882
17/07/2018	198	2018	A3	10	10	IW	18.3	19.6	26.1	25.9	26.2	5.823
17/07/2018	198	2018	A3	10	11	IW	21.4	8	25.1	26.2	19	5.445
17/07/2018	198	2018	A3	10	12	W	24.2	24.6	32.2	23.1	33.1	5.753
17/07/2018	198	2018	A4	10	1	C	14.8	12.4	23.5	15.5	27.7	5.89
17/07/2018	198	2018	A4	10	2	W	32.8	12.1	10.2	15.5	22.8	5.818
17/07/2018	198	2018	A4	10	3	W	17.9	16.3	17.8	34.8	22.4	5.09
17/07/2018	198	2018	A4	10	4	C	28.3	22.2	26.6	25.1	16.6	5.304
17/07/2018	198	2018	A4	10	5	I	45.2	19	19	24.9	37.7	5.255
17/07/2018	198	2018	A4	10	6	I	27.8	12.3	28.3	31.2	14.9	5.879
17/07/2018	198	2018	A4	10	7	IW	13.4	38	24.8	26.8	31.1	5.727
17/07/2018	198	2018	A4	10	8	IW	17.3	8.1	17.9	9.6	15.2	5.828
17/07/2018	198	2018	A4	10	9	C	42.7	44.2	17.8	2.7	50.1	4.725
17/07/2018	198	2018	A4	10	10	IW	32.7	19.7	27.7	19.1	20.6	5.702
17/07/2018	198	2018	A4	10	11	W	22.7	34.7	16.3	48.9	17.9	5.724
17/07/2018	198	2018	A4	10	12	I	30.2	46.9	41.5	38.6	25.9	5.398
24/07/2018	205	2018	A1	11	1	W	23.9	32	32.4	19.6	21.9	5.375
24/07/2018	205	2018	A1	11	2	IW	18.1	28.7	35	33.4	24.7	5.693
24/07/2018	205	2018	A1	11	3	C	37.8	21.1	27.6	31.5	30.3	5.262
24/07/2018	205	2018	A1	11	4	I	34	34.5	31.6	21.5	26.5	5.69
24/07/2018	205	2018	A1	11	5	C	36.2	33.8	31.3	34.6	42.8	5.073
24/07/2018	205	2018	A1	11	6	IW	31.3	24.4	24	37.2	33.1	5.677
24/07/2018	205	2018	A1	11	7	C	32.6	21.5	32.4	28.5	28.5	5.299
24/07/2018	205	2018	A1	11	8	IW	34.4	31.7	38.1	27.7	35.7	5.618
24/07/2018	205	2018	A1	11	9	W	29.9	37.3	36.3	35.3	39.7	5.24
24/07/2018	205	2018	A1	11	10	I	30.5	35.7	40.6	37.2	36.4	6.56
24/07/2018	205	2018	A1	11	11	W	39.4	36.5	21.6	34.9	37.8	5.154
24/07/2018	205	2018	A1	11	12	I	36.7	26.8	28.6	26.9	22.3	5.688
24/07/2018	205	2018	A3	11	1	W	30	20.3	35.4	26.1	16.9	5.225
24/07/2018	205	2018	A3	11	2	W	19.8	17.8	16.9	21.7	22.9	5.342
24/07/2018	205	2018	A3	11	3	C	32	39.1	27.9	35.9	35.6	6.072
24/07/2018	205	2018	A3	11	4	I	29.1	24.6	18.6	30.7	25.4	5.279
24/07/2018	205	2018	A3	11	5	IW	33.9	20.3	32.5	25.4	33.1	5.617
24/07/2018	205	2018	A3	11	6	I	31	31.6	33.7	25.9	25.7	5.434
24/07/2018	205	2018	A3	11	7	C	28.1	32.1	27.1	33.5	25.3	5.647
24/07/2018	205	2018	A3	11	8	C	31	38.3	33.2	35.9	34.7	5.876
24/07/2018	205	2018	A3	11	9	I	30.5	29.2	35.9	37.5	31.7	5.944
24/07/2018	205	2018	A3	11	10	IW	20.5	21.3	25.7	29.8	31.3	5.604
24/07/2018	205	2018	A3	11	11	IW	22.4	12.4	26.1	26.7	17.7	5.532
24/07/2018	205	2018	A3	11	12	W	27.9	25	27.1	25.5	38.5	5.596
24/07/2018	205	2018	A4	11	1	C	12.6	20.2	24.6	15.6	39.8	5.746
24/07/2018	205	2018	A4	11	2	W	29	13.8	18.5	21.1	23.5	5.598
24/07/2018	205	2018	A4	11	3	W	22.4	15.4	15.6	31.8	33.9	5.696
24/07/2018	205	2018	A4	11	4	C	31.9	25.8	29.1	33.5	28.4	5.356
24/07/2018	205	2018	A4	11	5	I	44.3	18.9	34.4	18	16.1	5.15
24/07/2018	205	2018	A4	11	6	I	25.5	11.5	34.2	24.9	15.1	5.827
24/07/2018	205	2018	A4	11	7	IW	22.3	42.4	18.2	28.1	34.3	5.45
24/07/2018	205	2018	A4	11	8	IW	11.9	5.8	16.1	10.4	16.1	5.76
24/07/2018	205	2018	A4	11	9	C	44.4	40.5	17.3	27.1	57.4	4.534
24/07/2018	205	2018	A4	11	10	IW	32.1	28.8	25.3	21.8	19.6	5.677
24/07/2018	205	2018	A4	11	11	W	11.4	30.9	20.6	47.4	23.9	5.419
24/07/2018	205	2018	A4	11	12	I	36.3	41.9	44.7	30.9	26.8	5.317
30/07/2018	211	2018	A1	12	1	W	19.3	26.7	28.3	17.8	15.2	5.39
30/07/2018	211	2018	A1	12	2	IW	21	28.1	35.3	34.5	36.3	5.803
30/07/2018	211	2018	A1	12	3	C	36.8	17.6	37.1	24.1	32.4	5.331
30/07/2018	211	2018	A1	12	4	I	31.5	25.4	25.7	17.1	16.8	5.682
30/07/2018	211	2018	A1	12	5	C	30.3	28	27.8	31.1	37.3	5.105
30/07/2018	211	2018	A1	12	6	IW	29.4	22.6	18	31.8	30.5	5.604
30/07/2018	211	2018	A1	12	7	C	26.8	9.9	26	26.2	22.2	5.278
30/07/2018	211	2018	A1	12	8	IW	28.5	27.1	30.4	20	24.6	5.609
30/07/2018	211	2018	A1	12	9	W	26.5	38.8	29.4	33.8	37.8	3.954
30/07/2018	211	2018	A1	12	10	I	25.1	33.3	37.4	28.2	20.8	6.669
30/07/2018	211	2018	A1	12	11	W	32.8	32.4	17.2	39.4	37.3	5.22
30/07/2018	211	2018	A1	12	12	I	39.7	15.7	28.1	33.8	27	5.806
30/07/2018	211	2018	A3	12	1	W	25.5	17.3	26.4	19.2	17.1	5.079
30/07/2018	211	2018	A3	12	2	W	14.4	9.5	11.5	13.2	21.4	5.222
30/07/2018	211	2018	A3	12	3	C	25.9	33.9	27.8	30	21.9	5.746
30/07/2018	211	2018	A3	12	4	I	25.9	17.5	16.3	20.2	15.9	5.289
30/07/2018	211	2018	A3	12	5	IW	28.4	16.9	27	18.7	24.9	5.7
30/07/2018	211	2018	A3	12	6	I	25.7	26.4	24.1	23.7	23.5	5.396
30/07/2018	211	2018	A3	12	7	C	22	27.1	19.9	29.9	21.8	5.9
30/07/2018	211	2018	A3	12	8	C	28.5	21	24.2	28.6	29.7	5.7
30/07/2018	211	2018	A3	12	9	I	25	21.7	32.9	31.9	27.6	5.635
30/07/2018	211	2018	A3	12	10	IW	20.8	17.5	14.4	23.5	22.7	5.498
30/07/2018	211	2018	A3	12	11	IW	11.7	7.3	20.1	21.2	15.6	5.257
30/07/2018	211	2018	A3	12	12	W	26.9	23.3	29.2	19.8	35.8	5.521
30/07/2018	211	2018	A4	12	1	C	11.8	11	19.5	11.3	32	6.094
30/07/2018	211	2018	A4	12	2	W	26.5	8.7	10	20.8	22.8	5.625
30/07/2018	211	2018	A4	12	3	W	21.7	19.6	11	36.9	31.9	5.659
30/07/2018	211	2018	A4	12	4	C	26.7	17.4	25.2	21.9	14.5	5.417
30/07/2018	211	2018	A4	12	5	I	35.2	10	14.8	21.1	22.8	5.1
30/07/2018	211	2018	A4	12	6	I	20.4	20.1	27.3	26.7	17.3	5.716
30/07/2018	211	2018	A4	12	7	IW	9.8	34.5	25.9	23.6	36.5	5.588
30/07/2018	211	2018	A4	12	8	IW	13.7	5.1	13.7	7	12.5	5.788
30/07/2018	211	2018	A4	12	9	C	35.7	38	22.7	1.2	30.3	4.575
30/07/2018	211	2018	A4	12	10	IW	27.3	7.9	31.3	19.6	20.5	5.634
30/07/2018	211	2018	A4	12	11	W	14	29.8	16.5	32.4	39.1	5.331
30/07/2018	211	2018	A4	12	12	I	28.5	39.5	38.5	32.4	23.6	5.272
06/08/2018	218	2018	A1	13	1	W	25	29.8	30.5	20.3	20.4	5.11
06/08/2018	218	2018	A1	13	2	IW	20.3	25	37.7	31.6	33.6	5.518
06/08/2018	218	2018	A1	13	3	C	33.9	18.7	27.4	34.1	30.7	4.834
06/08/2018	218	2018	A1	13	4	I	27.3	25.7	27.1	15.7	24.1	5.61
06/08/2018	218	2018	A1	13	5	C	30.7	34.7	22.5	29.5	37.8	4.943
06/08/2018	218	2018	A1	13	6	IW	28.9	24.1	20.4	29.7	18.1	5.462
06/08/2018	218	2018	A1	13	7	C	23.7	15.4	28.5	28.1	20.9	4.999
06/08/2018	218	2018	A1	13	8	IW	30	27.3	36	20.3	34.5	5.427
06/08/2018	218	2018	A1	13	9	W	29.6	40.3	40.9	37.1	43.5	3.698
06/08/2018	218	2018	A1	13	10	I	27.1	36.1	38.6	40.2	23.4	6.33
06/08/2018	218	2018	A1	13	11	W	33.8	36.5	26.2	36.9	34.9	4.967
06/08/2018	218	2018	A1	13	12	I	42.6	27.7	29.7	27.2	31.4	5.538
06/08/2018	218	2018	A3	13	1	W	24.2	15.7	32.7	19.1	20.2	4.765
06/08/2018	218	2018	A3	13	2	W	18.2	15.7	14.1	16.8	31.2	4.96
06/08/2018	218	2018	A3	13	3	C	26.3	33.3	24	29.3	19.6	5.507
06/08/2018	218	2018	A3	13	4	I	27.2	16.6	13.2	22.2	18.6	5.357
06/08/2018	218	2018	A3	13	5	IW	26	21.5	28.8	23.6	26.5	5.446
06/08/2018	218	2018	A3	13	6	I	24.8	33.4	22.5	21.7	27.6	5.097
06/08/2018	218	2018	A3	13	7	C	21.2	26.6	21.4	30.4	21.3	5.255
06/08/2018	218	2018	A3	13	8	C	25.4	34.1	26.5	30.6	27.3	5.333
06/08/2018	218	2018	A3	13	9	I	24.5	19.3	28.8	30.1	30	5.303
06/08/2018	218	2018	A3	13	10	IW	19.4	16.4	19	19.7	26.7	5.197
06/08/2018	218	2018	A3	13	11	IW	20.8	4.8	22.8	22.2	16.8	5.033
06/08/2018	218	2018	A3	13	12	W	22.2	25.1	33.5	18.1	35.6	5.277
06/08/2018	218	2018	A4	13	1	C	10.6	22	24.6	14	17.7	5.449
06/08/2018	218	2018	A4	13	2	W	26.8	10.4	13.9	14.2	19.9	5.426
06/08/2018	218	2018	A4	13	3	W	17.3	13.7	12	24.8	22	5.578
06/08/2018	218	2018	A4	13	4	C	16.2	25.4	26.2	19.6	24	5.164
06/08/2018	218	2018	A4	13	5	I	39.6	22.1	24.8	19.3	20.5	4.798
06/08/2018	218	2018	A4	13	6	I	20.8	12.3	30.1	24.5	11.4	5.616
06/08/2018	218	2018	A4	13	7	IW	8.1	45.2	17.7	25.8	39.7	5.226
06/08/2018	218	2018	A4	13	8	IW	16.1	7.5	13.7	10.9	16.9	5.529
06/08/2018	218	2018	A4	13	9	C	43.1	37.7	26.9	3.9	49.3	4.19
06/08/2018	218	2018	A4	13	10	IW	29.9	16.4	22.1	21.3	13.1	5.383
06/08/2018	218	2018	A4	13	11	W	12.4	28.6	10.2	44.4	11.6	5.132
06/08/2018	218	2018	A4	13	12	I	26.8	43.4	32.4	32.5	15.6	5.055
15/08/2018	227	2018	A1	14	1	W	24	32.2	27.7	14.8	19.5	4.729
15/08/2018	227	2018	A1	14	2	IW	19.7	22.1	32.4	34.1	35.1	5.135
15/08/2018	227	2018	A1	14	3	C	32	22.2	37.6	30.5	34.1	4.014
15/08/2018	227	2018	A1	14	4	I	29.4	29.9	26.9	15.1	21.4	5.127
15/08/2018	227	2018	A1	14	5	C	31.9	32.1	21.7	30.9	35.5	4.127
15/08/2018	227	2018	A1	14	6	IW	24.4	23.1	19	31.7	31.7	4.873
15/08/2018	227	2018	A1	14	7	C	22.2	16.2	24.4	29.9	27.7	4.331
15/08/2018	227	2018	A1	14	8	IW	26.9	29.4	34.1	19	30	4.793
15/08/2018	227	2018	A1	14	9	W	24.3	39.9	33.7	36.2	41.9	3.581
15/08/2018	227	2018	A1	14	10	I	29.5	34.2	38.1	34.7	39.8	5.588
15/08/2018	227	2018	A1	14	11	W	36.3	37.1	23.9	34.6	36.3	4.39
15/08/2018	227	2018	A1	14	12	I	36.7	35.9	26.1	34.7	26.1	4.873
15/08/2018	227	2018	A3	14	1	W	24.5	15.2	31.3	17.2	22.9	4.313
15/08/2018	227	2018	A3	14	2	W	11.6	10.8	14.6	14.8	13.9	4.368
15/08/2018	227	2018	A3	14	3	C	25.9	37.8	28.9	32	23.2	4.865
15/08/2018	227	2018	A3	14	4	I	23.6	15.5	14.3	24.5	17.7	4.811
15/08/2018	227	2018	A3	14	5	IW	29.6	16.9	29.5	24.8	25.2	4.885
15/08/2018	227	2018	A3	14	6	I	24.9	33	25.3	25	28.6	4.461
15/08/2018	227	2018	A3	14	7	C	21.4	25.3	20.2	29.8	24.8	4.663
15/08/2018	227	2018	A3	14	8	C	27.4	36	35.3	29.5	27.9	4.523
15/08/2018	227	2018	A3	14	9	I	22.2	17.4	36.2	29.2	30.1	4.55
15/08/2018	227	2018	A3	14	10	IW	19.1	15.8	21.9	24.9	21.6	4.462
15/08/2018	227	2018	A3	14	11	IW	22.6	7.2	21.2	18.4	14.3	4.322
15/08/2018	227	2018	A3	14	12	W	23.7	21.6	29.7	23.5	32.4	4.669
15/08/2018	227	2018	A4	14	1	C	5.7	14.6	19.1	12.3	26	5.31
15/08/2018	227	2018	A4	14	2	W	28	2.8	14.7	15.6	16.7	5.35
15/08/2018	227	2018	A4	14	3	W	16.1	9.6	9.3	28.6	19	5.414
15/08/2018	227	2018	A4	14	4	C	25.9	18.1	25	14.9	11.1	4.94
15/08/2018	227	2018	A4	14	5	I	34.7	17.6	24	21.7	25.6	4.533
15/08/2018	227	2018	A4	14	6	I	25	20	27.8	21.6	14.1	5.306
15/08/2018	227	2018	A4	14	7	IW	13	33.4	12	25.8	25.7	5.026
15/08/2018	227	2018	A4	14	8	IW	8.8	5.4	13.6	7.4	4.6	5.417
15/08/2018	227	2018	A4	14	9	C	38.4	36.4	14.6	7.4	47.6	4.104
15/08/2018	227	2018	A4	14	10	IW	28.6	8.1	25.4	10.2	12.9	5.287
15/08/2018	227	2018	A4	14	11	W	15.1	23.2	13.4	36.4	23.8	5.009
15/08/2018	227	2018	A4	14	12	I	35.5	38.1	36.6	33.7	32.4	4.711
20/08/2018	232	2018	A1	15	1	W	24.7	32.8	33.3	20.2	24.8	5.021
20/08/2018	232	2018	A1	15	2	IW	25.1	31.9	37.6	36	40.7	5.075
20/08/2018	232	2018	A1	15	3	C	39.1	26.9	39.1	38.5	37.2	4.012
20/08/2018	232	2018	A1	15	4	I	34.3	33.6	34.7	26.1	28.6	5.15
20/08/2018	232	2018	A1	15	5	C	36.4	37.6	31.4	37.2	47.1	4.091
20/08/2018	232	2018	A1	15	6	IW	33.4	28.9	30.4	32.6	37.7	4.867
20/08/2018	232	2018	A1	15	7	C	31.1	26.1	37.8	32.1	35.1	4.416
20/08/2018	232	2018	A1	15	8	IW	34.7	33.5	36.6	26.1	35.2	4.665
20/08/2018	232	2018	A1	15	9	W	30.7	38	40.6	39.9	41.6	4.014
20/08/2018	232	2018	A1	15	10	I	31.7	40.6	41.8	40.9	29.1	5.558
20/08/2018	232	2018	A1	15	11	W	34.2	41.4	32.8	39	45.1	4.366
20/08/2018	232	2018	A1	15	12	I	42.2	33.6	34.4	35.2	40.5	5.014
20/08/2018	232	2018	A3	15	1	W	36.8	27.1	41.9	27.7	26.3	4.279
20/08/2018	232	2018	A3	15	2	W	22	17.4	16	24.9	27.8	4.168
20/08/2018	232	2018	A3	15	3	C	33	39	31	32.4	17.8	4.857
20/08/2018	232	2018	A3	15	4	I	26.2	21	22	26.2	25.5	4.649
20/08/2018	232	2018	A3	15	5	IW	32	19.8	29.2	23.8	27.5	4.842
20/08/2018	232	2018	A3	15	6	I	32.3	33.8	28.6	29.6	29.1	4.602
20/08/2018	232	2018	A3	15	7	C	28.8	32.4	29.4	34.3	26.1	4.406
20/08/2018	232	2018	A3	15	8	C	37.7	32.5	29.8	38	38.5	4.319
20/08/2018	232	2018	A3	15	9	I	33.6	30.9	38.2	42.2	40.2	4.728
20/08/2018	232	2018	A3	15	10	IW	18.7	21.1	27.3	29.8	29.3	4.417
20/08/2018	232	2018	A3	15	11	IW	19.7	14.2	30.3	24.8	22.2	4.339
20/08/2018	232	2018	A3	15	12	W	23.7	24.3	33.4	21.1	35.5	4.449
20/08/2018	232	2018	A4	15	1	C	19.1	16.1	29	17.4	40.8	5.46
20/08/2018	232	2018	A4	15	2	W	33.3	18.6	25.2	18.4	42.5	5.548
20/08/2018	232	2018	A4	15	3	W	23	15.4	19.1	30.6	24.7	5.548
20/08/2018	232	2018	A4	15	4	C	30.4	28.9	32.2	21.9	29.9	5.042
20/08/2018	232	2018	A4	15	5	I	39.3	26.9	28.4	37.4	34.6	4.617
20/08/2018	232	2018	A4	15	6	I	23.8	13.2	31.4	31.3	28.6	5.323
20/08/2018	232	2018	A4	15	7	IW	16.1	46.9	46.1	31.2	31	5.151
20/08/2018	232	2018	A4	15	8	IW	15.2	9.7	18.5	13.8	16	5.512
20/08/2018	232	2018	A4	15	9	C	40.9	34.4	20.8	13.9	53.7	4.19
20/08/2018	232	2018	A4	15	10	IW	36	13.7	33.3	27.1	18.7	5.342
20/08/2018	232	2018	A4	15	11	W	17.4	27.1	21.5	36.2	19.5	4.971
20/08/2018	232	2018	A4	15	12	I	28.8	49.2	30.1	43.7	32.3	4.701
11/06/2019	162	2019	A1	1	1	W	40.6	47.8	48.3	52.9	47.9	3.126
11/06/2019	162	2019	A1	1	2	IW	45.6	44.9	49.8	45.3	50.1	2.899
11/06/2019	162	2019	A1	1	3	C	54.7	45.1	51.4	50.7	47.5	2.764
11/06/2019	162	2019	A1	1	4	I	32.5	46.7	45.3	34.3	37.8	2.804
11/06/2019	162	2019	A1	1	5	C	50.5	52.9	42.6	40.2	56.3	2.334
11/06/2019	162	2019	A1	1	6	IW	43.6	39.8	35.8	39.2	53	2.036
11/06/2019	162	2019	A1	1	7	C	42.1	46.8	40.7	26.9	49.5	2.589
11/06/2019	162	2019	A1	1	8	IW	43.4	50.1	48.3	44.7	47.2	2.246
11/06/2019	162	2019	A1	1	9	W	38.1	48.9	30.1	57.9	58.9	1.799
11/06/2019	162	2019	A1	1	10	I	42.1	39.9	43.6	49.6	41.9	2.114
11/06/2019	162	2019	A1	1	11	W	49.1	50.7	48.7	52.3	57.3	2.972
11/06/2019	162	2019	A1	1	12	I	40.2	41.8	37.9	37.4	30.9	2.208
11/06/2019	162	2019	A3	1	1	W	70	61.4	53.7	45.8	67.9	3.075
11/06/2019	162	2019	A3	1	2	W	87.6	74.2	86.1	61.7	67.1	3.143
11/06/2019	162	2019	A3	1	3	C	35.7	45.1	45.6	48.2	20.9	2.487
11/06/2019	162	2019	A3	1	4	I	31.2	23.2	23.7	34	20.5	2.577
11/06/2019	162	2019	A3	1	5	IW	35.1	30.5	39.4	32.7	36.8	2.707
11/06/2019	162	2019	A3	1	6	I	46	50.3	37.5	47.4	44.2	2.718
11/06/2019	162	2019	A3	1	7	C	35.4	39	34.8	42.5	31.5	2.778
11/06/2019	162	2019	A3	1	8	C	43.4	48.6	43.1	47.6	47.6	2.801
11/06/2019	162	2019	A3	1	9	I	40.2	39	40.8	48.2	46.6	2.907
11/06/2019	162	2019	A3	1	10	IW	26.4	29.8	31.2	37.8	34.9	2.605
11/06/2019	162	2019	A3	1	11	IW	35.7	28.1	34.8	32.5	29.1	2.544
11/06/2019	162	2019	A3	1	12	W	28.8	29	39.4	26.6	35.8	2.76
12/06/2019	163	2019	A4	1	1	C	30.7	31.4	32.9	23.5	49.8	3.285
12/06/2019	163	2019	A4	1	2	W	47.4	15.4	14.3	28.7	10.4	3.457
12/06/2019	163	2019	A4	1	3	W	32.8	24.2	32.2	37.8	42.1	3.439
12/06/2019	163	2019	A4	1	4	C	39.6	38.6	32.1	33.1	40.7	2.894
12/06/2019	163	2019	A4	1	5	I	52.2	35.5	42.4	39.3	64.7	2.295
12/06/2019	163	2019	A4	1	6	I	36.3	17.5	42.1	37.4	24.6	2.855
12/06/2019	163	2019	A4	1	7	IW	20	52.2	47.9	31.5	37.9	2.542
12/06/2019	163	2019	A4	1	8	IW	26.5	14.9	21.6	15.8	20.3	3.094
12/06/2019	163	2019	A4	1	9	C	51.6	42.6	42.5	10.3	70	2.831
12/06/2019	163	2019	A4	1	10	IW	39.2	22.3	46.4	30.6	35.7	3.243
12/06/2019	163	2019	A4	1	11	W	34.9	57.5	32.6	66.6	28.6	2.696
12/06/2019	163	2019	A4	1	12	I	48.1	58.2	52.2	59.8	70.7	3.482
19/06/2019	170	2019	A1	2	1	W	34.8	44.9	47.8	29.7	39.8	4.125
19/06/2019	170	2019	A1	2	2	IW	38.5	41.2	48.2	40.1	43.6	4.561
19/06/2019	170	2019	A1	2	3	C	50.9	40.3	50.9	47	44	4.327
19/06/2019	170	2019	A1	2	4	I	38.2	44.3	39.1	28.3	31.9	4.184
19/06/2019	170	2019	A1	2	5	C	40.4	44.1	40.3	46.2	49.2	3.526
19/06/2019	170	2019	A1	2	6	IW	37.9	34	27.8	38.4	40.5	2.988
19/06/2019	170	2019	A1	2	7	C	41.2	35.4	38.7	36.8	37.7	3.317
19/06/2019	170	2019	A1	2	8	IW	41.6	41.3	45.8	37.1	44	3.762
19/06/2019	170	2019	A1	2	9	W	13.4	47.7	45.3	44.6	47.2	3.029
19/06/2019	170	2019	A1	2	10	I	42.9	46.9	49.1	42.4	36.7	3.316
19/06/2019	170	2019	A1	2	11	W	51.5	48.6	39.1	46.6	49.7	3.924
19/06/2019	170	2019	A1	2	12	I	45.5	35.2	36.9	36.8	34.8	3.072
19/06/2019	170	2019	A3	2	1	W	50.5	38.3	59.4	36.9	47.2	4.199
19/06/2019	170	2019	A3	2	2	W	61.4	60.1	72.3	53.4	60.7	4.47
19/06/2019	170	2019	A3	2	3	C	37.1	45.7	42.1	45.9	44.4	3.671
19/06/2019	170	2019	A3	2	4	I	32.7	18.1	18.2	35.6	28	3.217
19/06/2019	170	2019	A3	2	5	IW	38.5	28.4	37.1	33	32.8	3.865
19/06/2019	170	2019	A3	2	6	I	42.4	41.5	39.2	43.9	40.9	3.394
19/06/2019	170	2019	A3	2	7	C	30.8	37.6	35.1	36.4	30.1	3.799
19/06/2019	170	2019	A3	2	8	C	42.5	40.8	38.3	42	49	3.767
19/06/2019	170	2019	A3	2	9	I	31.6	29.6	38.5	38.3	37.3	3.461
19/06/2019	170	2019	A3	2	10	IW	24.9	20.6	28.2	28.6	28.5	3.854
19/06/2019	170	2019	A3	2	11	IW	22.2	18.1	23.4	25	20	3.532
19/06/2019	170	2019	A3	2	12	W	20.8	25.7	31.7	18.8	36.8	3.781
19/06/2019	170	2019	A4	2	1	C	19.7	17.8	31.8	19.7	35.9	4.729
19/06/2019	170	2019	A4	2	2	W	31.6	14.1	9.4	22.6	27.5	4.101
19/06/2019	170	2019	A4	2	3	W	34.1	19.8	18.8	37.2	39.4	4.251
19/06/2019	170	2019	A4	2	4	C	24.7	29.7	33	26.1	34	4.032
19/06/2019	170	2019	A4	2	5	I	40.3	24.3	28.9	28.8	61.9	3.552
19/06/2019	170	2019	A4	2	6	I	33	31.4	38.9	39.5	24.7	4.513
19/06/2019	170	2019	A4	2	7	IW	21.8	48.6	39	29.3	28.6	3.616
19/06/2019	170	2019	A4	2	8	IW	28.5	13.3	21.6	14	15.7	4.446
19/06/2019	170	2019	A4	2	9	C	41.5	48.3	22.1	7.8	57.4	3.647
19/06/2019	170	2019	A4	2	10	IW	35.7	25	36.8	30.8	34.6	4.386
19/06/2019	170	2019	A4	2	11	W	31.1	38.7	24.6	49.6	46.5	3.437
19/06/2019	170	2019	A4	2	12	I	39	51.3	53	44.6	45.7	4.066
07/07/2019	188	2019	A1	3	1	W	NA	NA	NA	NA	NA	5.44
07/07/2019	188	2019	A1	3	2	IW	NA	NA	NA	NA	NA	5.941
07/07/2019	188	2019	A1	3	3	C	NA	NA	NA	NA	NA	5.605
07/07/2019	188	2019	A1	3	4	I	NA	NA	NA	NA	NA	5.788
07/07/2019	188	2019	A1	3	5	C	NA	NA	NA	NA	NA	5.529
07/07/2019	188	2019	A1	3	6	IW	NA	NA	NA	NA	NA	5.863
07/07/2019	188	2019	A1	3	7	C	NA	NA	NA	NA	NA	5.86
07/07/2019	188	2019	A1	3	8	IW	NA	NA	NA	NA	NA	5.78
07/07/2019	188	2019	A1	3	9	W	NA	NA	NA	NA	NA	5.65
07/07/2019	188	2019	A1	3	10	I	NA	NA	NA	NA	NA	6.644
07/07/2019	188	2019	A1	3	11	W	NA	NA	NA	NA	NA	5.454
07/07/2019	188	2019	A1	3	12	I	NA	NA	NA	NA	NA	5.458
07/07/2019	188	2019	A3	3	1	W	NA	NA	NA	NA	NA	5.659
07/07/2019	188	2019	A3	3	2	W	NA	NA	NA	NA	NA	6.03
07/07/2019	188	2019	A3	3	3	C	NA	NA	NA	NA	NA	6.059
07/07/2019	188	2019	A3	3	4	I	NA	NA	NA	NA	NA	5.17
07/07/2019	188	2019	A3	3	5	IW	NA	NA	NA	NA	NA	5.834
07/07/2019	188	2019	A3	3	6	I	NA	NA	NA	NA	NA	5.586
07/07/2019	188	2019	A3	3	7	C	NA	NA	NA	NA	NA	5.937
07/07/2019	188	2019	A3	3	8	C	NA	NA	NA	NA	NA	5.944
07/07/2019	188	2019	A3	3	9	I	NA	NA	NA	NA	NA	5.962
07/07/2019	188	2019	A3	3	10	IW	NA	NA	NA	NA	NA	5.118
07/07/2019	188	2019	A3	3	11	IW	NA	NA	NA	NA	NA	5.472
07/07/2019	188	2019	A3	3	12	W	NA	NA	NA	NA	NA	5.837
15/07/2019	196	2019	A1	4	1	W	29.2	33.1	32.5	30.7	32.7	5.377
15/07/2019	196	2019	A1	4	2	IW	30.8	37.4	38.7	39.2	38.5	5.875
15/07/2019	196	2019	A1	4	3	C	36.3	30.9	40.9	34.4	37.3	5.495
15/07/2019	196	2019	A1	4	4	I	34.7	31.9	34.3	23.8	26.9	5.862
15/07/2019	196	2019	A1	4	5	C	36.5	38.3	30.8	35.3	31.3	4.755
15/07/2019	196	2019	A1	4	6	IW	29.1	26.3	20.2	34.6	40.1	6.141
15/07/2019	196	2019	A1	4	7	C	28.9	24.2	26.1	33.1	27.8	5.607
15/07/2019	196	2019	A1	4	8	IW	34.3	35.3	34.2	30.5	35.4	5.828
15/07/2019	196	2019	A1	4	9	W	30.5	46.3	36.3	38.2	40.3	5.516
15/07/2019	196	2019	A1	4	10	I	36.1	42.3	42.5	36.1	30.5	6.423
15/07/2019	196	2019	A1	4	11	W	46.5	38.1	26.8	40.9	39.8	5.368
15/07/2019	196	2019	A1	4	12	I	39.5	24.9	30.1	32.5	35.1	5.468
15/07/2019	196	2019	A3	4	1	W	31.3	17.9	28.8	16.8	30.9	5.378
15/07/2019	196	2019	A3	4	2	W	27.5	17	16.2	18.3	21.9	5.662
15/07/2019	196	2019	A3	4	3	C	31.7	37.7	28.5	35.4	31.4	5.749
15/07/2019	196	2019	A3	4	4	I	25.3	15.2	14.1	24.1	19.6	5.001
15/07/2019	196	2019	A3	4	5	IW	27	22.7	28.9	21.7	29.8	5.601
15/07/2019	196	2019	A3	4	6	I	33.1	36.1	31.1	27.6	26.6	5.526
15/07/2019	196	2019	A3	4	7	C	22	30.9	28.8	27.6	26.7	5.672
15/07/2019	196	2019	A3	4	8	C	25.1	31.8	31.9	37.5	32.5	5.725
15/07/2019	196	2019	A3	4	9	I	26	21	35.2	27.7	30.5	5.009
15/07/2019	196	2019	A3	4	10	IW	20	21.9	17.4	25.3	24.6	5.535
15/07/2019	196	2019	A3	4	11	IW	19.5	8	19.9	23.1	17.9	5.091
15/07/2019	196	2019	A3	4	12	W	18.4	23.1	36	22.2	30.7	5.551
16/7/2019	197	2019	A4	4	1	C	19.1	19.1	25	18.2	46.7	5.792
16/7/2019	197	2019	A4	4	2	W	35	24.3	22.5	29	25.4	5.378
16/7/2019	197	2019	A4	4	3	W	29.6	29.8	30.2	48.4	36.6	5.655
16/7/2019	197	2019	A4	4	4	C	25	39	28.7	22.3	34.6	5.288
16/7/2019	197	2019	A4	4	5	I	44	17.7	40.5	29.2	50	4.982
16/7/2019	197	2019	A4	4	6	I	25.1	44.2	44.6	29.7	21.2	5.791
16/7/2019	197	2019	A4	4	7	IW	23.3	39.3	38.6	30.6	34.9	5.356
16/7/2019	197	2019	A4	4	8	IW	25.5	16.1	17.8	11.3	12.4	5.454
16/7/2019	197	2019	A4	4	9	C	39.5	26.3	31.7	34.3	47.9	4.541
16/7/2019	197	2019	A4	4	10	IW	45.3	32.7	28.8	24.4	23.7	5.229
16/7/2019	197	2019	A4	4	11	W	29.1	38.6	22.9	47	53.9	4.783
16/7/2019	197	2019	A4	4	12	I	39.8	48.5	37.7	49.5	23.4	5.242
23/07/2019	204	2019	A1	5	1	W	NA	NA	NA	NA	NA	5.17
23/07/2019	204	2019	A1	5	2	IW	NA	NA	NA	NA	NA	5.696
23/07/2019	204	2019	A1	5	3	C	NA	NA	NA	NA	NA	5.156
23/07/2019	204	2019	A1	5	4	I	NA	NA	NA	NA	NA	5.782
23/07/2019	204	2019	A1	5	5	C	NA	NA	NA	NA	NA	5.209
23/07/2019	204	2019	A1	5	6	IW	NA	NA	NA	NA	NA	6.064
23/07/2019	204	2019	A1	5	7	C	NA	NA	NA	NA	NA	5.448
23/07/2019	204	2019	A1	5	8	IW	NA	NA	NA	NA	NA	5.704
23/07/2019	204	2019	A1	5	9	W	NA	NA	NA	NA	NA	5.603
23/07/2019	204	2019	A1	5	10	I	NA	NA	NA	NA	NA	6.515
23/07/2019	204	2019	A1	5	11	W	NA	NA	NA	NA	NA	5.358
23/07/2019	204	2019	A1	5	12	I	NA	NA	NA	NA	NA	5.52
23/07/2019	204	2019	A3	5	1	W	NA	NA	NA	NA	NA	5.241
23/07/2019	204	2019	A3	5	2	W	NA	NA	NA	NA	NA	5.523
23/07/2019	204	2019	A3	5	3	C	NA	NA	NA	NA	NA	5.88
23/07/2019	204	2019	A3	5	4	I	NA	NA	NA	NA	NA	5.17
23/07/2019	204	2019	A3	5	5	IW	NA	NA	NA	NA	NA	5.723
23/07/2019	204	2019	A3	5	6	I	NA	NA	NA	NA	NA	5.344
23/07/2019	204	2019	A3	5	7	C	NA	NA	NA	NA	NA	5.575
23/07/2019	204	2019	A3	5	8	C	NA	NA	NA	NA	NA	5.614
23/07/2019	204	2019	A3	5	9	I	NA	NA	NA	NA	NA	5.713
23/07/2019	204	2019	A3	5	10	IW	NA	NA	NA	NA	NA	5.514
23/07/2019	204	2019	A3	5	11	IW	NA	NA	NA	NA	NA	5.143
23/07/2019	204	2019	A3	5	12	W	NA	NA	NA	NA	NA	5.419
23/07/2019	204	2019	A4	5	1	C	NA	NA	NA	NA	NA	5.803
23/07/2019	204	2019	A4	5	2	W	NA	NA	NA	NA	NA	5.267
23/07/2019	204	2019	A4	5	3	W	NA	NA	NA	NA	NA	5.727
23/07/2019	204	2019	A4	5	4	C	NA	NA	NA	NA	NA	5.232
23/07/2019	204	2019	A4	5	5	I	NA	NA	NA	NA	NA	4.955
23/07/2019	204	2019	A4	5	6	I	NA	NA	NA	NA	NA	5.78
23/07/2019	204	2019	A4	5	7	IW	NA	NA	NA	NA	NA	5.422
23/07/2019	204	2019	A4	5	8	IW	NA	NA	NA	NA	NA	5.526
23/07/2019	204	2019	A4	5	9	C	NA	NA	NA	NA	NA	4.546
23/07/2019	204	2019	A4	5	10	IW	NA	NA	NA	NA	NA	5.344
23/07/2019	204	2019	A4	5	11	W	NA	NA	NA	NA	NA	4.813
23/07/2019	204	2019	A4	5	12	I	NA	NA	NA	NA	NA	5.224
30/07/2019	211	2019	A1	6	1	W	22.6	29.1	26.4	18.9	27.9	5.073
30/07/2019	211	2019	A1	6	2	IW	21.8	27.8	33.3	30.6	30.9	5.75
30/07/2019	211	2019	A1	6	3	C	33.4	22.8	42.6	28.2	25.5	4.922
30/07/2019	211	2019	A1	6	4	I	24.9	29.8	28	16.4	20.8	5.685
30/07/2019	211	2019	A1	6	5	C	29.1	30.3	27.6	27.8	34.8	4.978
30/07/2019	211	2019	A1	6	6	IW	26.5	24.6	18.1	31.3	31.6	5.848
30/07/2019	211	2019	A1	6	7	C	25.7	17.8	28.7	28.1	24.3	5.515
30/07/2019	211	2019	A1	6	8	IW	27.7	26.8	32.9	16.9	32.2	5.588
30/07/2019	211	2019	A1	6	9	W	24.4	36.6	30.2	35.5	46.8	5.279
30/07/2019	211	2019	A1	6	10	I	27.2	42.6	37.3	32.7	20.3	6.409
30/07/2019	211	2019	A1	6	11	W	36.9	42.7	27	28.8	32.8	5.308
30/07/2019	211	2019	A1	6	12	I	37.2	33.8	26.2	29.7	22.9	5.37
30/07/2019	211	2019	A3	6	1	W	28.3	17.1	34.6	17.4	24.3	4.922
30/07/2019	211	2019	A3	6	2	W	15.6	14.4	16.8	20.9	20.8	5.272
30/07/2019	211	2019	A3	6	3	C	25.9	34.8	31	28.2	12.6	5.48
30/07/2019	211	2019	A3	6	4	I	24.4	21.5	21.2	28.4	30.3	5.019
30/07/2019	211	2019	A3	6	5	IW	28.2	23.8	27.8	26.6	27.3	5.523
30/07/2019	211	2019	A3	6	6	I	27.1	31.7	26.8	31.5	30.9	5.055
30/07/2019	211	2019	A3	6	7	C	22.4	31.1	24.5	31.8	27.3	5.257
30/07/2019	211	2019	A3	6	8	C	28.8	36.5	34.4	31.6	38	5.176
30/07/2019	211	2019	A3	6	9	I	24.4	21.8	33.1	29.3	34.4	5.473
30/07/2019	211	2019	A3	6	10	IW	20.7	21.9	25.2	25.3	28.5	5.391
30/07/2019	211	2019	A3	6	11	IW	22.4	15.5	20.5	21.1	16.7	5.079
30/07/2019	211	2019	A3	6	12	W	20.4	20.1	31.8	20.9	30.7	5.326
30/07/2019	211	2019	A4	6	1	C	9.4	11.7	24.7	13	21.8	5.715
30/07/2019	211	2019	A4	6	2	W	26.8	15.5	23	14.6	16.9	5.413
30/07/2019	211	2019	A4	6	3	W	22.3	16.4	15.2	33.5	28.9	5.7
30/07/2019	211	2019	A4	6	4	C	27.4	25.5	27	15.4	25.9	5.21
30/07/2019	211	2019	A4	6	5	I	33.9	18.6	30.7	23.8	38.7	4.993
30/07/2019	211	2019	A4	6	6	I	23.9	13	28.1	27.8	14.8	5.674
30/07/2019	211	2019	A4	6	7	IW	22.6	40.5	13.8	23.9	34.7	5.526
30/07/2019	211	2019	A4	6	8	IW	17.1	12	14.4	14.5	9.3	5.627
30/07/2019	211	2019	A4	6	9	C	35.4	36.5	32.9	25.7	51	4.386
30/07/2019	211	2019	A4	6	10	IW	29.6	30.6	31.9	21.9	11.2	5.403
30/07/2019	211	2019	A4	6	11	W	9.7	30.4	15.9	34	44.2	5.008
30/07/2019	211	2019	A4	6	12	I	32.8	42.7	45.9	37.9	28.1	5.201
09/08/2019	221	2019	A1	7	1	W	24.2	27.1	26.5	15.9	27.1	4.844
09/08/2019	221	2019	A1	7	2	IW	24	26.6	32.7	36.3	33.5	5.363
09/08/2019	221	2019	A1	7	3	C	29.9	19.7	35.3	30.6	28.7	4.461
09/08/2019	221	2019	A1	7	4	I	25.4	27.3	26.7	15.7	21.6	5.327
09/08/2019	221	2019	A1	7	5	C	27.9	30.9	26.3	36.1	40.6	4.46
09/08/2019	221	2019	A1	7	6	IW	28.2	25.3	17.3	32.3	32.6	5.673
09/08/2019	221	2019	A1	7	7	C	24.2	16.8	29.3	28.2	21.4	5.035
09/08/2019	221	2019	A1	7	8	IW	27.5	27.7	31.7	26.8	32.2	5.329
09/08/2019	221	2019	A1	7	9	W	26.3	45.5	28.4	33.9	37.1	4.958
09/08/2019	221	2019	A1	7	10	I	20.4	38.9	35.1	31.9	27.2	6.182
09/08/2019	221	2019	A1	7	11	W	36.8	39.4	21.4	31.4	36.6	4.942
09/08/2019	221	2019	A1	7	12	I	33.9	21.8	26.7	32	21.5	5.097
09/08/2019	221	2019	A3	7	1	W	23.9	17.8	32	14.6	21.9	4.58
09/08/2019	221	2019	A3	7	2	W	18.9	15.7	18.8	15.4	24	4.918
09/08/2019	221	2019	A3	7	3	C	23.4	28.6	24.5	28.7	10.5	5.237
09/08/2019	221	2019	A3	7	4	I	23.1	15	17	23.1	16.8	4.847
09/08/2019	221	2019	A3	7	5	IW	26.9	18	24	20.6	23.5	5.198
09/08/2019	221	2019	A3	7	6	I	21	27.8	24.5	27.5	21	4.891
09/08/2019	221	2019	A3	7	7	C	20.2	25.9	21.9	27.2	18.5	4.964
09/08/2019	221	2019	A3	7	8	C	22.3	25.2	25	29.4	30.3	4.642
09/08/2019	221	2019	A3	7	9	I	19	18.4	27.4	32.2	28.9	5.077
09/08/2019	221	2019	A3	7	10	IW	14.7	15.5	19.4	22.6	21.1	4.911
09/08/2019	221	2019	A3	7	11	IW	19.5	9.7	18.2	18.9	17	4.627
09/08/2019	221	2019	A3	7	12	W	19.5	17.6	26.6	13.3	26.8	4.916
09/08/2019	221	2019	A4	7	1	C	3.6	6.9	12.4	7.8	28.9	5.481
09/08/2019	221	2019	A4	7	2	W	17.8	3.9	13.1	11.2	9.1	5.172
09/08/2019	221	2019	A4	7	3	W	16.5	5.3	9.3	24.7	21.3	5.554
09/08/2019	221	2019	A4	7	4	C	18.1	19	18.5	13.8	26.7	5.016
09/08/2019	221	2019	A4	7	5	I	33.3	14.3	15.2	16.2	28.7	4.729
09/08/2019	221	2019	A4	7	6	I	17.9	5.9	23.9	19.6	11	5.381
09/08/2019	221	2019	A4	7	7	IW	10.2	31.6	15.7	17.9	19.4	5.18
09/08/2019	221	2019	A4	7	8	IW	12.3	7.5	2.7	11.2	11.4	5.348
09/08/2019	221	2019	A4	7	9	C	29.7	28	20.6	11.8	37.5	4.197
09/08/2019	221	2019	A4	7	10	IW	22.8	11.4	17	17.1	6	5.148
09/08/2019	221	2019	A4	7	11	W	14.3	22.1	12.2	24.6	38.4	4.62
09/08/2019	221	2019	A4	7	12	I	28.9	38.5	38.9	33	23.7	4.975
13/08/2019	225	2019	A1	8	1	W	20.5	21.6	29.5	24.7	25.7	4.875
13/08/2019	225	2019	A1	8	2	IW	20.6	24.8	31.6	27.7	37.2	5.307
13/08/2019	225	2019	A1	8	3	C	32.3	20.2	32.7	20.9	32.9	4.322
13/08/2019	225	2019	A1	8	4	I	21	27.2	24.4	15.2	20.3	5.108
13/08/2019	225	2019	A1	8	5	C	32.9	29.6	22.6	29.9	37.5	4.066
13/08/2019	225	2019	A1	8	6	IW	24.3	22.2	18.2	25.2	32.1	5.549
13/08/2019	225	2019	A1	8	7	C	21.9	18.9	26.1	20.2	24.8	5.031
13/08/2019	225	2019	A1	8	8	IW	28.2	26.9	29.8	20.7	24.7	5.222
13/08/2019	225	2019	A1	8	9	W	23.4	40	29	34.5	45.8	4.741
13/08/2019	225	2019	A1	8	10	I	29.3	42	35.9	34.7	22.6	6.157
13/08/2019	225	2019	A1	8	11	W	29.6	40.8	24.4	32.2	31.3	4.756
13/08/2019	225	2019	A1	8	12	I	36	23.3	26.2	19.3	31.2	4.974
13/08/2019	225	2019	A3	8	1	W	27.6	19.6	36.5	25.3	28.4	4.502
13/08/2019	225	2019	A3	8	2	W	23.5	24.2	22.5	25.8	32.5	4.823
13/08/2019	225	2019	A3	8	3	C	25.3	34.3	26.8	33.4	24.8	5.16
13/08/2019	225	2019	A3	8	4	I	25.4	15.6	13.6	25.1	19.9	4.759
13/08/2019	225	2019	A3	8	5	IW	27.3	21.4	23.4	21	25.4	5.12
13/08/2019	225	2019	A3	8	6	I	30.8	28.4	25.2	27.7	27	4.748
13/08/2019	225	2019	A3	8	7	C	18.7	26	22.2	27.1	19.7	4.825
13/08/2019	225	2019	A3	8	8	C	20.2	29.3	29	31.7	33.5	4.443
13/08/2019	225	2019	A3	8	9	I	23.4	19.9	32.5	32	31.3	4.881
13/08/2019	225	2019	A3	8	10	IW	16.5	19.7	23.3	25	24.2	4.75
13/08/2019	225	2019	A3	8	11	IW	24.3	24.2	25.1	23.4	22.9	4.462
13/08/2019	225	2019	A3	8	12	W	17.6	17	24.5	15.9	27.7	4.719
13/08/2019	225	2019	A4	8	1	C	8.8	11.3	14.6	11.5	17.5	5.393
13/08/2019	225	2019	A4	8	2	W	16.3	12.9	14.4	17.1	26	5.041
13/08/2019	225	2019	A4	8	3	W	14.2	6.4	10.6	22.7	20.5	5.57
13/08/2019	225	2019	A4	8	4	C	18.5	18.6	13.8	15.8	23.2	4.888
13/08/2019	225	2019	A4	8	5	I	32.3	12.5	18.7	21.5	30.2	4.666
13/08/2019	225	2019	A4	8	6	I	18.4	11.6	24	20.3	10.6	5.387
13/08/2019	225	2019	A4	8	7	IW	18.1	37.6	28.4	23	41.8	5.065
13/08/2019	225	2019	A4	8	8	IW	10.3	8.2	16.1	17.5	11.5	5.422
13/08/2019	225	2019	A4	8	9	C	25.2	27.2	18.2	13.4	37.7	4.064
13/08/2019	225	2019	A4	8	10	IW	23.2	12.4	20.4	12.6	9.1	5.018
13/08/2019	225	2019	A4	8	11	W	8.9	16	11.5	27.9	27.6	4.775
13/08/2019	225	2019	A4	8	12	I	25.9	32.8	29.6	28.4	26.5	4.785
17/08/2019	229	2019	A1	9	1	W	24	29.2	26.7	18.8	28	4.948
17/08/2019	229	2019	A1	9	2	IW	22.5	25.9	32	32.4	37.1	5.244
17/08/2019	229	2019	A1	9	3	C	30.2	23.1	31.3	27.4	33.8	4.181
17/08/2019	229	2019	A1	9	4	I	31.6	28.6	28.9	19	24.1	5.025
17/08/2019	229	2019	A1	9	5	C	32.8	32.9	26.3	33.3	41.5	4.299
17/08/2019	229	2019	A1	9	6	IW	27.9	24.4	19.3	27.3	31.3	5.428
17/08/2019	229	2019	A1	9	7	C	24.9	20.9	27.8	24.5	24.6	4.669
17/08/2019	229	2019	A1	9	8	IW	26.2	26.2	30.5	21.8	29.3	5.021
17/08/2019	229	2019	A1	9	9	W	25.3	40.5	34	31.4	42.3	4.483
17/08/2019	229	2019	A1	9	10	I	28.3	35.2	36.3	35.5	31.6	5.9
17/08/2019	229	2019	A1	9	11	W	38	40.1	25.9	33.9	35.2	4.601
17/08/2019	229	2019	A1	9	12	I	33.3	27.7	28.1	20.6	32.1	4.831
17/08/2019	229	2019	A3	9	1	W	33.4	17.1	33.1	20.6	29.9	4.371
17/08/2019	229	2019	A3	9	2	W	22.5	15.7	18.3	20.2	30.7	4.585
17/08/2019	229	2019	A3	9	3	C	23.2	33.9	22	27.2	24.3	4.918
17/08/2019	229	2019	A3	9	4	I	21.4	16.7	15.2	24.3	21.1	4.624
17/08/2019	229	2019	A3	9	5	IW	28.9	21.9	22.1	20.6	28.1	4.892
17/08/2019	229	2019	A3	9	6	I	22.7	28.9	25.5	24.7	25.4	4.653
17/08/2019	229	2019	A3	9	7	C	22.3	25.8	23.6	26.9	20.2	4.657
17/08/2019	229	2019	A3	9	8	C	27.7	28.3	26.9	28.2	34.2	4.274
17/08/2019	229	2019	A3	9	9	I	23.6	23.1	27.9	30.3	28.9	4.69
17/08/2019	229	2019	A3	9	10	IW	18	18.1	23	22.7	21.5	4.507
17/08/2019	229	2019	A3	9	11	IW	22.9	17	16.1	21.4	27.5	4.43
17/08/2019	229	2019	A3	9	12	W	24.1	20.6	27.8	15.1	27.7	4.512
17/08/2019	229	2019	A4	9	1	C	8.6	10.7	18.2	11	25.1	5.244
17/08/2019	229	2019	A4	9	2	W	20.8	7.3	18	16.4	25.6	5.083
17/08/2019	229	2019	A4	9	3	W	19.3	7.9	16.3	33.8	25.5	5.427
17/08/2019	229	2019	A4	9	4	C	24.2	20.5	15.5	18.3	18.9	4.835
17/08/2019	229	2019	A4	9	5	I	33.2	18.2	22	19.6	29.3	4.48
17/08/2019	229	2019	A4	9	6	I	24.5	11.9	29.3	23.7	20.2	5.18
17/08/2019	229	2019	A4	9	7	IW	17.6	33	33.3	21	42.4	4.815
17/08/2019	229	2019	A4	9	8	IW	14.2	10.7	15.7	10.9	15.2	5.17
17/08/2019	229	2019	A4	9	9	C	38.5	28.8	23.4	22	40.7	3.962
17/08/2019	229	2019	A4	9	10	IW	27.3	19.1	15.5	22	17.2	4.916
17/08/2019	229	2019	A4	9	11	W	20	23.5	15.5	30.1	21.2	4.375
17/08/2019	229	2019	A4	9	12	I	33.1	37.1	30.1	35.5	31.1	4.69
